{
    "name": "Station 53C 1v1",
    "description": "Fight among the streets to gain dominance, and if not, hunker down and take the moon and gas giant in this tight orbital matchup.",
    "creator": "Dreadnought",
    "version": "2.0",
    "planets": [
        {
            "name": "Station 53C",
            "mass": 35000,
            "position_x": 43100,
            "position_y": -300.0014953613281,
            "velocity_x": 0.7496767044067383,
            "velocity_y": 107.70368957519531,
            "required_thrust_to_move": 0,
            "starting_planet": true,
            "respawn": false,
            "start_destroyed": false,
            "min_spawn_delay": 0,
            "max_spawn_delay": 0,
            "planetCSG": [
                {
                    "proj": "BP_Bend",
                    "spec": "/pa/terrain/metal/brushes/metal_cap_01.json",
                    "height": 574.6775512695312,
                    "op": "BO_Add",
                    "position": [
                        0,
                        0,
                        574.6775512695312
                    ],
                    "transform": [
                        1,
                        0,
                        0,
                        0,
                        0,
                        1,
                        0,
                        0,
                        0,
                        0,
                        1,
                        574.6775512695312
                    ],
                    "scale": [
                        1,
                        1,
                        1
                    ],
                    "rotation": 0,
                    "weight": [
                        1,
                        1,
                        1,
                        1
                    ],
                    "weightHard": true,
                    "weightScale": [
                        1,
                        1,
                        1
                    ],
                    "mirrored": false,
                    "twinId": 0,
                    "pathable": false,
                    "flooded": false,
                    "mergeable": false,
                    "no_features": false
                },
                {
                    "proj": "BP_Bend",
                    "spec": "/pa/terrain/metal/brushes/metal_cap_01_add.json",
                    "height": 574.9398803710938,
                    "op": "BO_Add",
                    "position": [
                        297.9080810546875,
                        491.66558837890625,
                        8.458847045898438
                    ],
                    "transform": [
                        0.7173571586608887,
                        -0.4657400846481323,
                        0.5181552171707153,
                        297.9081115722656,
                        -0.4251624047756195,
                        0.29654383659362793,
                        0.8551599383354187,
                        491.6655578613281,
                        -0.551937997341156,
                        -0.8337552547454834,
                        0.014712691307067871,
                        8.45891284942627
                    ],
                    "scale": [
                        1,
                        1,
                        1
                    ],
                    "rotation": 0.03999999910593033,
                    "weight": [
                        0,
                        0,
                        0,
                        0
                    ],
                    "weightHard": false,
                    "weightScale": [
                        1,
                        1,
                        1
                    ],
                    "mirrored": false,
                    "twinId": 0,
                    "pathable": false,
                    "flooded": false,
                    "mergeable": false,
                    "no_features": false
                },
                {
                    "proj": "BP_Bend",
                    "spec": "/pa/terrain/metal/brushes/metal_cap_01_add.json",
                    "height": 574.9003295898438,
                    "op": "BO_Add",
                    "position": [
                        298.8135986328125,
                        491.09100341796875,
                        7.1019744873046875
                    ],
                    "transform": [
                        -0.22370806336402893,
                        -0.82449871301651,
                        0.5197659134864807,
                        298.8135986328125,
                        0.150046706199646,
                        0.4977903366088867,
                        0.8542193174362183,
                        491.0909729003906,
                        -0.9630371928215027,
                        0.2690849304199219,
                        0.012353599071502686,
                        7.10208797454834
                    ],
                    "scale": [
                        1,
                        1,
                        1
                    ],
                    "rotation": 1.2966370582580566,
                    "weight": [
                        0,
                        0,
                        0,
                        0
                    ],
                    "weightHard": false,
                    "weightScale": [
                        1,
                        1,
                        1
                    ],
                    "mirrored": false,
                    "twinId": 0,
                    "pathable": false,
                    "flooded": false,
                    "mergeable": false,
                    "no_features": false
                },
                {
                    "proj": "BP_Bend",
                    "spec": "/pa/terrain/metal/brushes/metal_cap_01_add.json",
                    "height": 574.8231811523438,
                    "op": "BO_Add",
                    "position": [
                        302.91912841796875,
                        488.485595703125,
                        6.59246826171875
                    ],
                    "transform": [
                        -0.8492109775543213,
                        0.03368988633155823,
                        0.5269780158996582,
                        302.919189453125,
                        0.5259808897972107,
                        -0.03437177836894989,
                        0.8498015999794006,
                        488.48565673828125,
                        0.04674288630485535,
                        0.9988411664962769,
                        0.011468648910522461,
                        6.592445373535156
                    ],
                    "scale": [
                        1,
                        1,
                        1
                    ],
                    "rotation": 2.6332740783691406,
                    "weight": [
                        0,
                        0,
                        0,
                        0
                    ],
                    "weightHard": false,
                    "weightScale": [
                        1,
                        1,
                        1
                    ],
                    "mirrored": false,
                    "twinId": 0,
                    "pathable": false,
                    "flooded": false,
                    "mergeable": false,
                    "no_features": false
                },
                {
                    "proj": "BP_Bend",
                    "spec": "/pa/terrain/metal/brushes/metal_cap_01_add.json",
                    "height": 574.96923828125,
                    "op": "BO_Add",
                    "position": [
                        297.87176513671875,
                        491.68878173828125,
                        10.2061767578125
                    ],
                    "transform": [
                        -0.3398071527481079,
                        0.7849453091621399,
                        0.5180656909942627,
                        297.871826171875,
                        0.18672636151313782,
                        -0.483570396900177,
                        0.8551568388938904,
                        491.6888732910156,
                        0.9217725992202759,
                        0.3873249292373657,
                        0.017750680446624756,
                        10.206094741821289
                    ],
                    "scale": [
                        1,
                        1,
                        1
                    ],
                    "rotation": 3.769911289215088,
                    "weight": [
                        0,
                        0,
                        0,
                        0
                    ],
                    "weightHard": false,
                    "weightScale": [
                        1,
                        1,
                        1
                    ],
                    "mirrored": false,
                    "twinId": 0,
                    "pathable": false,
                    "flooded": false,
                    "mergeable": false,
                    "no_features": false
                },
                {
                    "proj": "BP_Bend",
                    "spec": "/pa/terrain/metal/brushes/metal_cap_01_add.json",
                    "height": 574.92236328125,
                    "op": "BO_Add",
                    "position": [
                        297.02325439453125,
                        492.1866455078125,
                        8.074951171875
                    ],
                    "transform": [
                        0.6646096110343933,
                        0.5398012399673462,
                        0.5166319608688354,
                        297.02325439453125,
                        -0.41131073236465454,
                        -0.3129366636276245,
                        0.8560923337936401,
                        492.1866149902344,
                        0.623792827129364,
                        -0.7814635038375854,
                        0.014045357704162598,
                        8.074990272521973
                    ],
                    "scale": [
                        1,
                        1,
                        1
                    ],
                    "rotation": 5.0665483474731445,
                    "weight": [
                        0,
                        0,
                        0,
                        0
                    ],
                    "weightHard": false,
                    "weightScale": [
                        1,
                        1,
                        1
                    ],
                    "mirrored": false,
                    "twinId": 0,
                    "pathable": false,
                    "flooded": false,
                    "mergeable": false,
                    "no_features": false
                },
                {
                    "proj": "BP_LongitudePinch",
                    "spec": "/pa/terrain/metal/brushes/metal_trench_11.json",
                    "height": 574.9111328125,
                    "op": "BO_Add",
                    "position": [
                        406.5235595703125,
                        406.5235595703125,
                        0
                    ],
                    "transform": [
                        0.7071067690849304,
                        5.960464477539063e-8,
                        0.7071067094802856,
                        406.5235290527344,
                        -0.7071067690849304,
                        5.960464477539063e-8,
                        0.7071067094802856,
                        406.5235290527344,
                        0,
                        -0.9999998807907104,
                        1.1920928955078125e-7,
                        0.00006853474769741297
                    ],
                    "scale": [
                        1,
                        1,
                        1
                    ],
                    "rotation": -0.7853981852531433,
                    "weight": [
                        1,
                        1,
                        1,
                        1
                    ],
                    "weightHard": true,
                    "weightScale": [
                        1,
                        1,
                        1
                    ],
                    "mirrored": false,
                    "twinId": 0,
                    "pathable": false,
                    "flooded": false,
                    "mergeable": false,
                    "no_features": false
                },
                {
                    "proj": "BP_LongitudePinch",
                    "spec": "/pa/terrain/metal/brushes/metal_trench_11.json",
                    "height": 574.9111328125,
                    "op": "BO_Add",
                    "position": [
                        -406.5235595703125,
                        -406.5235595703125,
                        0
                    ],
                    "transform": [
                        0.7071067690849304,
                        5.960464477539063e-8,
                        -0.7071067094802856,
                        -406.5235290527344,
                        -0.7071067690849304,
                        5.960464477539063e-8,
                        -0.7071067094802856,
                        -406.5235290527344,
                        0,
                        0.9999998807907104,
                        1.1920928955078125e-7,
                        0.00006853474769741297
                    ],
                    "scale": [
                        1,
                        1,
                        1
                    ],
                    "rotation": -0.7853981852531433,
                    "weight": [
                        1,
                        1,
                        1,
                        1
                    ],
                    "weightHard": true,
                    "weightScale": [
                        1,
                        1,
                        1
                    ],
                    "mirrored": false,
                    "twinId": 0,
                    "pathable": false,
                    "flooded": false,
                    "mergeable": false,
                    "no_features": false
                },
                {
                    "proj": "BP_LongitudePinch",
                    "spec": "/pa/terrain/metal/brushes/metal_trench_11.json",
                    "height": 574.9110717773438,
                    "op": "BO_Add",
                    "position": [
                        406.52349853515625,
                        -406.52349853515625,
                        0
                    ],
                    "transform": [
                        0.7071067690849304,
                        -5.960464477539063e-8,
                        0.7071067690849304,
                        406.52349853515625,
                        0.7071067690849304,
                        5.960464477539063e-8,
                        -0.7071067690849304,
                        -406.52349853515625,
                        0,
                        0.9999999403953552,
                        1.1920928955078125e-7,
                        0.00006853474042145535
                    ],
                    "scale": [
                        1,
                        1,
                        1
                    ],
                    "rotation": 0.7853981852531433,
                    "weight": [
                        1,
                        1,
                        1,
                        1
                    ],
                    "weightHard": true,
                    "weightScale": [
                        1,
                        1,
                        1
                    ],
                    "mirrored": false,
                    "twinId": 0,
                    "pathable": false,
                    "flooded": false,
                    "mergeable": false,
                    "no_features": false
                },
                {
                    "proj": "BP_LongitudePinch",
                    "spec": "/pa/terrain/metal/brushes/metal_trench_11.json",
                    "height": 574.9110717773438,
                    "op": "BO_Add",
                    "position": [
                        -406.52349853515625,
                        406.52349853515625,
                        0
                    ],
                    "transform": [
                        0.7071067690849304,
                        -5.960464477539063e-8,
                        -0.7071067690849304,
                        -406.52349853515625,
                        0.7071067690849304,
                        5.960464477539063e-8,
                        0.7071067690849304,
                        406.52349853515625,
                        0,
                        -0.9999999403953552,
                        1.1920928955078125e-7,
                        0.00006853474042145535
                    ],
                    "scale": [
                        1,
                        1,
                        1
                    ],
                    "rotation": 0.7853981852531433,
                    "weight": [
                        1,
                        1,
                        1,
                        1
                    ],
                    "weightHard": true,
                    "weightScale": [
                        1,
                        1,
                        1
                    ],
                    "mirrored": false,
                    "twinId": 0,
                    "pathable": false,
                    "flooded": false,
                    "mergeable": false,
                    "no_features": false
                },
                {
                    "proj": "BP_Bend",
                    "spec": "/pa/terrain/metal/brushes/metal_cap_01.json",
                    "height": 574.6775512695312,
                    "op": "BO_Add",
                    "position": [
                        0,
                        0,
                        574.6775512695312
                    ],
                    "transform": [
                        1,
                        0,
                        0,
                        0,
                        0,
                        1,
                        0,
                        0,
                        0,
                        0,
                        -1,
                        -574.6775512695312
                    ],
                    "scale": [
                        1,
                        1,
                        1
                    ],
                    "rotation": 0,
                    "weight": [
                        1,
                        1,
                        1,
                        1
                    ],
                    "weightHard": true,
                    "weightScale": [
                        1,
                        1,
                        1
                    ],
                    "mirrored": true,
                    "twinId": 0,
                    "pathable": false,
                    "flooded": false,
                    "mergeable": false,
                    "no_features": false
                },
                {
                    "proj": "BP_LongitudePinch",
                    "spec": "/pa/terrain/metal/brushes/metal_trench_11.json",
                    "height": 574.9111328125,
                    "op": "BO_Add",
                    "position": [
                        406.5235595703125,
                        406.5235595703125,
                        0
                    ],
                    "transform": [
                        0.7071067690849304,
                        5.960464477539063e-8,
                        0.7071067094802856,
                        406.52349853515625,
                        -0.7071067690849304,
                        5.960464477539063e-8,
                        0.7071067094802856,
                        406.52349853515625,
                        0,
                        0.9999998807907104,
                        -1.1920928955078125e-7,
                        -0.00006853474769741297
                    ],
                    "scale": [
                        1,
                        1,
                        1
                    ],
                    "rotation": -0.7853981852531433,
                    "weight": [
                        1,
                        1,
                        1,
                        1
                    ],
                    "weightHard": true,
                    "weightScale": [
                        1,
                        1,
                        1
                    ],
                    "mirrored": true,
                    "twinId": 0,
                    "pathable": false,
                    "flooded": false,
                    "mergeable": false,
                    "no_features": false
                },
                {
                    "proj": "BP_LongitudePinch",
                    "spec": "/pa/terrain/metal/brushes/metal_trench_11.json",
                    "height": 574.9111328125,
                    "op": "BO_Add",
                    "position": [
                        -406.5235595703125,
                        -406.5235595703125,
                        0
                    ],
                    "transform": [
                        0.7071067690849304,
                        5.960464477539063e-8,
                        -0.7071067094802856,
                        -406.52349853515625,
                        -0.7071067690849304,
                        5.960464477539063e-8,
                        -0.7071067094802856,
                        -406.52349853515625,
                        0,
                        -0.9999998807907104,
                        -1.1920928955078125e-7,
                        -0.00006853474769741297
                    ],
                    "scale": [
                        1,
                        1,
                        1
                    ],
                    "rotation": -0.7853981852531433,
                    "weight": [
                        1,
                        1,
                        1,
                        1
                    ],
                    "weightHard": true,
                    "weightScale": [
                        1,
                        1,
                        1
                    ],
                    "mirrored": true,
                    "twinId": 0,
                    "pathable": false,
                    "flooded": false,
                    "mergeable": false,
                    "no_features": false
                },
                {
                    "proj": "BP_LongitudePinch",
                    "spec": "/pa/terrain/metal/brushes/metal_trench_11.json",
                    "height": 574.9110717773438,
                    "op": "BO_Add",
                    "position": [
                        406.52349853515625,
                        -406.52349853515625,
                        0
                    ],
                    "transform": [
                        0.7071067690849304,
                        -5.960464477539063e-8,
                        0.7071067690849304,
                        406.5234680175781,
                        0.7071067690849304,
                        5.960464477539063e-8,
                        -0.7071067690849304,
                        -406.5234680175781,
                        0,
                        -0.9999999403953552,
                        -1.1920928955078125e-7,
                        -0.00006853473314549774
                    ],
                    "scale": [
                        1,
                        1,
                        1
                    ],
                    "rotation": 0.7853981852531433,
                    "weight": [
                        1,
                        1,
                        1,
                        1
                    ],
                    "weightHard": true,
                    "weightScale": [
                        1,
                        1,
                        1
                    ],
                    "mirrored": true,
                    "twinId": 0,
                    "pathable": false,
                    "flooded": false,
                    "mergeable": false,
                    "no_features": false
                },
                {
                    "proj": "BP_LongitudePinch",
                    "spec": "/pa/terrain/metal/brushes/metal_trench_11.json",
                    "height": 574.9110717773438,
                    "op": "BO_Add",
                    "position": [
                        -406.52349853515625,
                        406.52349853515625,
                        0
                    ],
                    "transform": [
                        0.7071067690849304,
                        -5.960464477539063e-8,
                        -0.7071067690849304,
                        -406.5234680175781,
                        0.7071067690849304,
                        5.960464477539063e-8,
                        0.7071067690849304,
                        406.5234680175781,
                        0,
                        0.9999999403953552,
                        -1.1920928955078125e-7,
                        -0.00006853473314549774
                    ],
                    "scale": [
                        1,
                        1,
                        1
                    ],
                    "rotation": 0.7853981852531433,
                    "weight": [
                        1,
                        1,
                        1,
                        1
                    ],
                    "weightHard": true,
                    "weightScale": [
                        1,
                        1,
                        1
                    ],
                    "mirrored": true,
                    "twinId": 0,
                    "pathable": false,
                    "flooded": false,
                    "mergeable": false,
                    "no_features": false
                },
                {
                    "proj": "BP_Bend",
                    "spec": "/pa/terrain/metal/brushes/metal_cap_01_add.json",
                    "height": 574.8583984375,
                    "op": "BO_Add",
                    "position": [
                        -238.83633422851562,
                        -522.7562866210938,
                        12.051788330078125
                    ],
                    "transform": [
                        0.9088418483734131,
                        0.03730019927024841,
                        -0.41546982526779175,
                        -238.83631896972656,
                        -0.4159552752971649,
                        0.005996182560920715,
                        -0.9093652367591858,
                        -522.7562255859375,
                        -0.03142827749252319,
                        0.9992860555648804,
                        0.02096480131149292,
                        12.05179214477539
                    ],
                    "scale": [
                        1,
                        1,
                        1
                    ],
                    "rotation": -0.46000006794929504,
                    "weight": [
                        0,
                        0,
                        0,
                        0
                    ],
                    "weightHard": false,
                    "weightScale": [
                        1,
                        1,
                        1
                    ],
                    "mirrored": false,
                    "twinId": 0,
                    "pathable": false,
                    "flooded": false,
                    "mergeable": false,
                    "no_features": false
                },
                {
                    "proj": "BP_Bend",
                    "spec": "/pa/terrain/metal/brushes/metal_cap_01_add.json",
                    "height": 574.851806640625,
                    "op": "BO_Add",
                    "position": [
                        -237.6844482421875,
                        -523.2894897460938,
                        11.35042667388916
                    ],
                    "transform": [
                        0.2761829197406769,
                        0.8676202297210693,
                        -0.4134708046913147,
                        -237.68443298339844,
                        -0.1460503786802292,
                        -0.3873205780982971,
                        -0.9103032946586609,
                        -523.2894897460938,
                        -0.9499433040618896,
                        0.3117977976799011,
                        0.019744932651519775,
                        11.350410461425781
                    ],
                    "scale": [
                        1,
                        1,
                        1
                    ],
                    "rotation": -1.6799989938735962,
                    "weight": [
                        0,
                        0,
                        0,
                        0
                    ],
                    "weightHard": false,
                    "weightScale": [
                        1,
                        1,
                        1
                    ],
                    "mirrored": false,
                    "twinId": 0,
                    "pathable": false,
                    "flooded": false,
                    "mergeable": false,
                    "no_features": false
                },
                {
                    "proj": "BP_Bend",
                    "spec": "/pa/terrain/metal/brushes/metal_cap_01_add.json",
                    "height": 574.8145751953125,
                    "op": "BO_Add",
                    "position": [
                        -240.45947265625,
                        -522.0048217773438,
                        10.09924030303955
                    ],
                    "transform": [
                        0.29193565249443054,
                        -0.8601032495498657,
                        -0.418325275182724,
                        -240.45947265625,
                        -0.11611160635948181,
                        0.40227210521698,
                        -0.9081272482872009,
                        -522.0047607421875,
                        0.9493638277053833,
                        0.31368714570999146,
                        0.01756960153579712,
                        10.099263191223145
                    ],
                    "scale": [
                        1,
                        1,
                        1
                    ],
                    "rotation": 0.8199997544288635,
                    "weight": [
                        0,
                        0,
                        0,
                        0
                    ],
                    "weightHard": false,
                    "weightScale": [
                        1,
                        1,
                        1
                    ],
                    "mirrored": false,
                    "twinId": 0,
                    "pathable": false,
                    "flooded": false,
                    "mergeable": false,
                    "no_features": false
                },
                {
                    "proj": "BP_Bend",
                    "spec": "/pa/terrain/metal/brushes/metal_cap_01_add.json",
                    "height": 574.8517456054688,
                    "op": "BO_Add",
                    "position": [
                        -241.37359619140625,
                        -521.58056640625,
                        12.126991271972656
                    ],
                    "transform": [
                        -0.7181276082992554,
                        -0.5549652576446533,
                        -0.419888436794281,
                        -241.37359619140625,
                        0.3463640809059143,
                        0.23829224705696106,
                        -0.9073306322097778,
                        -521.5806274414062,
                        0.6035931706428528,
                        -0.797013521194458,
                        0.021095752716064453,
                        12.126930236816406
                    ],
                    "scale": [
                        1,
                        1,
                        1
                    ],
                    "rotation": 2.0599987506866455,
                    "weight": [
                        0,
                        0,
                        0,
                        0
                    ],
                    "weightHard": false,
                    "weightScale": [
                        1,
                        1,
                        1
                    ],
                    "mirrored": false,
                    "twinId": 0,
                    "pathable": false,
                    "flooded": false,
                    "mergeable": false,
                    "no_features": false
                },
                {
                    "proj": "BP_Bend",
                    "spec": "/pa/terrain/metal/brushes/metal_cap_01_add.json",
                    "height": 574.8594360351562,
                    "op": "BO_Add",
                    "position": [
                        -237.45806884765625,
                        -523.37109375,
                        12.636627197265625
                    ],
                    "transform": [
                        -0.7225793600082397,
                        0.5543022155761719,
                        -0.4130716621875763,
                        -237.45814514160156,
                        0.3129582405090332,
                        -0.2704967260360718,
                        -0.9104334712028503,
                        -523.3712768554688,
                        -0.616389811038971,
                        -0.7871346473693848,
                        0.02198195457458496,
                        12.636533737182617
                    ],
                    "scale": [
                        1,
                        1,
                        1
                    ],
                    "rotation": 3.379997491836548,
                    "weight": [
                        0,
                        0,
                        0,
                        0
                    ],
                    "weightHard": false,
                    "weightScale": [
                        1,
                        1,
                        1
                    ],
                    "mirrored": false,
                    "twinId": 0,
                    "pathable": false,
                    "flooded": false,
                    "mergeable": false,
                    "no_features": false
                },
                {
                    "proj": "BP_Bend",
                    "spec": "/pa/terrain/lava/brushes/lava_metal_t2_medium_3_ramp.json",
                    "height": 574.8556518554688,
                    "op": "BO_Add",
                    "position": [
                        71.43273162841797,
                        -519.7882690429688,
                        -234.8968505859375
                    ],
                    "transform": [
                        0.38688430190086365,
                        -0.6123661994934082,
                        0.12426204979419708,
                        71.4327392578125,
                        -0.2099972367286682,
                        -0.23045122623443604,
                        -0.9042066931724548,
                        -519.788330078125,
                        0.5823419690132141,
                        0.3237287104129791,
                        -0.4086189270019531,
                        -234.8968963623047
                    ],
                    "scale": [
                        0.7300002574920654,
                        0.7300002574920654,
                        1
                    ],
                    "rotation": 1.199999451637268,
                    "weight": [
                        0,
                        0,
                        0,
                        0
                    ],
                    "weightHard": false,
                    "weightScale": [
                        1,
                        1,
                        1
                    ],
                    "mirrored": false,
                    "twinId": 0,
                    "pathable": true,
                    "flooded": false,
                    "mergeable": false,
                    "no_features": true
                },
                {
                    "proj": "BP_Bend",
                    "spec": "/pa/terrain/lava/brushes/lava_metal_t2_medium_3_ramp.json",
                    "height": 574.8556518554688,
                    "op": "BO_Add",
                    "position": [
                        71.43273162841797,
                        -519.7882690429688,
                        -234.8968505859375
                    ],
                    "transform": [
                        0.38688430190086365,
                        -0.6123661994934082,
                        0.12426204979419708,
                        71.4327392578125,
                        -0.2099972367286682,
                        -0.23045122623443604,
                        -0.9042066931724548,
                        -519.788330078125,
                        -0.5823419690132141,
                        -0.3237287104129791,
                        0.4086189270019531,
                        234.8968963623047
                    ],
                    "scale": [
                        0.7300002574920654,
                        0.7300002574920654,
                        1
                    ],
                    "rotation": 1.199999451637268,
                    "weight": [
                        0,
                        0,
                        0,
                        0
                    ],
                    "weightHard": false,
                    "weightScale": [
                        1,
                        1,
                        1
                    ],
                    "mirrored": true,
                    "twinId": 0,
                    "pathable": true,
                    "flooded": false,
                    "mergeable": false,
                    "no_features": true
                },
                {
                    "proj": "BP_Bend",
                    "spec": "/pa/terrain/lava/brushes/lava_metal_t1_large_8_ramp.json",
                    "height": 574.7430419921875,
                    "op": "BO_Add",
                    "position": [
                        323.06951904296875,
                        257.2593994140625,
                        -399.71649169921875
                    ],
                    "transform": [
                        -0.2536759674549103,
                        -0.8045583963394165,
                        0.8150608539581299,
                        323.0694274902344,
                        -0.7247037887573242,
                        0.5538567900657654,
                        0.649030864238739,
