{
    "name": "Nastolda 1v1",
    "description": "An ancient battlefield sunken into the desert, will you add to that history?  Move fast and take several central strategic points before your opponent does, for your start has very little metal and defensive potential",
    "creator": "Dreadnought",
    "version": "Version 1.3",
    "planets": [
        {
            "name": "Nastolda",
            "mass": 10000,
            "position_x": 44400,
            "position_y": 3000,
            "velocity_x": -7.1457600593566895,
            "velocity_y": 105.7571792602539,
            "required_thrust_to_move": 0,
            "starting_planet": true,
            "respawn": false,
            "start_destroyed": false,
            "min_spawn_delay": 0,
            "max_spawn_delay": 0,
            "planetCSG": [
                {
                    "proj": "BP_Bend",
                    "spec": "/pa/terrain/mountain/brushes/mountain_mountain_07.json",
                    "height": 471.46368408203125,
                    "op": "BO_Add",
                    "position": [
                        396.94482421875,
                        254.3791961669922,
                        2.0125131607055664
                    ],
                    "transform": [
                        0.6553539037704468,
                        -0.06193414330482483,
                        1.1282012462615967,
                        396.9447937011719,
                        -1.0216718912124634,
                        0.10624763369560242,
                        0.7229995727539062,
                        254.3791961669922,
                        -0.12287086248397827,
                        -1.2137854099273682,
                        0.005719984415918589,
                        2.012511730194092
                    ],
                    "scale": [
                        1.2199997901916504,
                        1.2199997901916504,
                        1.3399996757507324
                    ],
                    "rotation": -0.8999996781349182,
                    "weight": [
                        0,
                        0,
                        0,
                        0
                    ],
                    "weightHard": false,
                    "weightScale": [
                        1,
                        1,
                        1
                    ],
                    "mirrored": false,
                    "twinId": 0,
                    "pathable": false,
                    "flooded": false,
                    "mergeable": false,
                    "no_features": true
                },
                {
                    "proj": "BP_Bend",
                    "spec": "/pa/terrain/mountain/brushes/mountain_plateau_04.json",
                    "height": 472.1036071777344,
                    "op": "BO_Add",
                    "position": [
                        450.36566162109375,
                        140.88128662109375,
                        14.319507598876953
                    ],
                    "transform": [
                        0.1529548019170761,
                        -0.3619413673877716,
                        2.7187705039978027,
                        450.36566162109375,
                        -0.3619413673877716,
                        1.1967788934707642,
                        0.8504730463027954,
                        140.88128662109375,
                        -1.2496808767318726,
                        -0.39091935753822327,
                        0.086444191634655,
                        14.319522857666016
                    ],
                    "scale": [
                        1.309999704360962,
                        1.309999704360962,
                        2.8499982357025146
                    ],
                    "rotation": 0,
                    "weight": [
                        0,
                        0,
                        0,
                        0
                    ],
                    "weightHard": false,
                    "weightScale": [
                        1,
                        1,
                        1
                    ],
                    "mirrored": false,
                    "twinId": 0,
                    "pathable": false,
                    "flooded": false,
                    "mergeable": false,
                    "no_features": false
                },
                {
                    "proj": "BP_Bend",
                    "spec": "/pa/terrain/mountain/brushes/mountain_plateau_04.json",
                    "height": 472.1036071777344,
                    "op": "BO_Add",
                    "position": [
                        450.36566162109375,
                        140.88128662109375,
                        14.319507598876953
                    ],
                    "transform": [
                        0.1529548019170761,
                        -0.3619413673877716,
                        2.7187705039978027,
                        450.36566162109375,
                        -0.3619413673877716,
                        1.1967788934707642,
                        0.8504730463027954,
                        140.88128662109375,
                        1.2496808767318726,
                        0.39091935753822327,
                        -0.086444191634655,
                        -14.319522857666016
                    ],
                    "scale": [
                        1.309999704360962,
                        1.309999704360962,
                        2.8499982357025146
                    ],
                    "rotation": 0,
                    "weight": [
                        0,
                        0,
                        0,
                        0
                    ],
                    "weightHard": false,
                    "weightScale": [
                        1,
                        1,
                        1
                    ],
                    "mirrored": true,
                    "twinId": 0,
                    "pathable": false,
                    "flooded": false,
                    "mergeable": false,
                    "no_features": false
                },
                {
                    "proj": "BP_Bend",
                    "spec": "/pa/terrain/mountain/brushes/mountain_mountain_06.json",
                    "height": 470.732666015625,
                    "op": "BO_Add",
                    "position": [
                        307.3885803222656,
                        355.33624267578125,
                        28.94218635559082
                    ],
                    "transform": [
                        0.7476887702941895,
                        0.12063246965408325,
                        0.6530002951622009,
                        307.3885803222656,
                        -0.6554665565490723,
                        -0.02352204918861389,
                        0.7548577785491943,
                        355.3362121582031,
                        0.10642021894454956,
                        -0.9924184679985046,
                        0.06148338317871094,
                        28.942235946655273
                    ],
                    "scale": [
                        1,
                        1,
                        1
                    ],
                    "rotation": -0.8199997544288635,
                    "weight": [
                        0,
                        0,
                        0,
                        0
                    ],
                    "weightHard": false,
                    "weightScale": [
                        1,
                        1,
                        1
                    ],
                    "mirrored": false,
                    "twinId": 0,
                    "pathable": false,
                    "flooded": false,
                    "mergeable": false,
                    "no_features": true
                },
                {
                    "proj": "BP_Bend",
                    "spec": "/pa/terrain/mountain/brushes/mountain_mountain_06.json",
                    "height": 470.732666015625,
                    "op": "BO_Add",
                    "position": [
                        307.3885803222656,
                        355.33624267578125,
                        28.94218635559082
                    ],
                    "transform": [
                        0.7476887702941895,
                        0.12063246965408325,
                        0.6530002951622009,
                        307.3885803222656,
                        -0.6554665565490723,
                        -0.02352204918861389,
                        0.7548577785491943,
                        355.3362121582031,
                        -0.10642021894454956,
                        0.9924184679985046,
                        -0.06148338317871094,
                        -28.942235946655273
                    ],
                    "scale": [
                        1,
                        1,
                        1
                    ],
                    "rotation": -0.8199997544288635,
                    "weight": [
                        0,
                        0,
                        0,
                        0
                    ],
                    "weightHard": false,
                    "weightScale": [
                        1,
                        1,
                        1
                    ],
                    "mirrored": true,
                    "twinId": 0,
                    "pathable": false,
                    "flooded": false,
                    "mergeable": false,
                    "no_features": true
                },
                {
                    "proj": "BP_Bend",
                    "spec": "/pa/terrain/mountain/brushes/mountain_mountain_05.json",
                    "height": 472.45684814453125,
                    "op": "BO_Add",
                    "position": [
                        450.1319580078125,
                        128.31796264648438,
                        64.2743911743164
                    ],
                    "transform": [
                        0.22509130835533142,
                        -0.2551092803478241,
                        0.9527472257614136,
                        450.1319580078125,
                        -0.2551092803478241,
                        1.047276496887207,
                        0.2715972065925598,
                        128.31796264648438,
                        -1.0670768022537231,
                        -0.3041888475418091,
                        0.13604283332824707,
                        64.27436828613281
                    ],
                    "scale": [
                        1.119999885559082,
                        1.119999885559082,
                        1
                    ],
                    "rotation": 0,
                    "weight": [
                        0,
                        0,
                        0,
                        0
                    ],
                    "weightHard": false,
                    "weightScale": [
                        1,
                        1,
                        1
                    ],
                    "mirrored": false,
                    "twinId": 0,
                    "pathable": false,
                    "flooded": false,
                    "mergeable": false,
                    "no_features": true
                },
                {
                    "proj": "BP_Bend",
                    "spec": "/pa/terrain/mountain/brushes/mountain_mountain_05.json",
                    "height": 472.45684814453125,
                    "op": "BO_Add",
                    "position": [
                        450.1319580078125,
                        128.31796264648438,
                        64.2743911743164
                    ],
                    "transform": [
                        0.22509130835533142,
                        -0.2551092803478241,
                        0.9527472257614136,
                        450.1319580078125,
                        -0.2551092803478241,
                        1.047276496887207,
                        0.2715972065925598,
                        128.31796264648438,
                        1.0670768022537231,
                        0.3041888475418091,
                        -0.13604283332824707,
                        -64.27436828613281
                    ],
                    "scale": [
                        1.119999885559082,
                        1.119999885559082,
                        1
                    ],
                    "rotation": 0,
                    "weight": [
                        0,
                        0,
                        0,
                        0
                    ],
                    "weightHard": false,
                    "weightScale": [
                        1,
                        1,
                        1
                    ],
                    "mirrored": true,
                    "twinId": 0,
                    "pathable": false,
                    "flooded": false,
                    "mergeable": false,
                    "no_features": true
                },
                {
                    "proj": "BP_Bend",
                    "spec": "/pa/terrain/generic/brushes/unit_cannon_wreckage.json",
                    "height": 468.072021484375,
                    "op": "BO_Add",
                    "position": [
                        -184.850341796875,
                        362.3253173828125,
                        -231.60769653320312
                    ],
                    "transform": [
                        0.8601362109184265,
                        0.32280784845352173,
                        -0.3949185609817505,
                        -184.85032653808594,
                        0.5007726550102234,
                        -0.3873322010040283,
                        0.774080216884613,
                        362.3252868652344,
                        0.09691452980041504,
                        -0.8635788559913635,
                        -0.4948117733001709,
                        -231.6075439453125
                    ],
                    "scale": [
                        1,
                        1,
                        1
                    ],
                    "rotation": 0.36000001430511475,
                    "weight": [
                        0,
                        0,
                        0,
                        0
                    ],
                    "weightHard": false,
                    "weightScale": [
                        1,
                        1,
                        1
                    ],
                    "mirrored": false,
                    "twinId": 0,
                    "pathable": false,
                    "flooded": false,
                    "mergeable": false,
                    "no_features": false
                },
                {
                    "proj": "BP_Bend",
                    "spec": "/pa/terrain/generic/brushes/unit_cannon_wreckage.json",
                    "height": 468.072021484375,
                    "op": "BO_Add",
                    "position": [
                        -184.850341796875,
                        362.3253173828125,
                        -231.60769653320312
                    ],
                    "transform": [
                        0.8601362109184265,
                        0.32280784845352173,
                        -0.3949185609817505,
                        -184.85032653808594,
                        0.5007726550102234,
                        -0.3873322010040283,
                        0.774080216884613,
                        362.3252868652344,
                        -0.09691452980041504,
                        0.8635788559913635,
                        0.4948117733001709,
                        231.6075439453125
                    ],
                    "scale": [
                        1,
                        1,
                        1
                    ],
                    "rotation": 0.36000001430511475,
                    "weight": [
                        0,
                        0,
                        0,
                        0
                    ],
                    "weightHard": false,
                    "weightScale": [
                        1,
                        1,
                        1
                    ],
                    "mirrored": true,
                    "twinId": 0,
                    "pathable": false,
                    "flooded": false,
                    "mergeable": false,
                    "no_features": false
                },
                {
                    "proj": "BP_Bend",
                    "spec": "/pa/terrain/generic/brushes/unit_cannon_wreckage.json",
                    "height": 470.8166198730469,
                    "op": "BO_Add",
                    "position": [
                        113.62014770507812,
                        413.72705078125,
                        -193.87799072265625
                    ],
                    "transform": [
                        0.9009908437728882,
                        -0.3605238199234009,
                        0.2413257509469986,
                        113.62017059326172,
                        -0.3605238199234009,
                        -0.3127816915512085,
                        0.8787437081336975,
                        413.7271423339844,
                        -0.2413257509469986,
                        -0.8787437081336975,
                        -0.4117908477783203,
                        -193.8779754638672
                    ],
                    "scale": [
                        1,
                        1,
                        1
                    ],
                    "rotation": 0,
                    "weight": [
                        0,
                        0,
                        0,
                        0
                    ],
                    "weightHard": false,
                    "weightScale": [
                        1,
                        1,
                        1
                    ],
                    "mirrored": false,
                    "twinId": 0,
                    "pathable": false,
                    "flooded": false,
                    "mergeable": false,
                    "no_features": false
                },
                {
                    "proj": "BP_Bend",
                    "spec": "/pa/terrain/generic/brushes/unit_cannon_wreckage.json",
                    "height": 470.8166198730469,
                    "op": "BO_Add",
                    "position": [
                        113.62014770507812,
                        413.72705078125,
                        -193.87799072265625
                    ],
                    "transform": [
                        0.9009908437728882,
                        -0.3605238199234009,
                        0.2413257509469986,
                        113.62017059326172,
                        -0.3605238199234009,
                        -0.3127816915512085,
                        0.8787437081336975,
                        413.7271423339844,
                        0.2413257509469986,
                        0.8787437081336975,
                        0.4117908477783203,
                        193.8779754638672
                    ],
                    "scale": [
                        1,
                        1,
                        1
                    ],
                    "rotation": 0,
                    "weight": [
                        0,
                        0,
                        0,
                        0
                    ],
                    "weightHard": false,
                    "weightScale": [
                        1,
                        1,
                        1
                    ],
                    "mirrored": true,
                    "twinId": 0,
                    "pathable": false,
                    "flooded": false,
                    "mergeable": false,
                    "no_features": false
                },
                {
                    "proj": "BP_Bend",
                    "spec": "/pa/terrain/desert/brushes/desert_ruins_01.json",
                    "height": 469.4114990234375,
                    "op": "BO_Add",
                    "position": [
                        -452.949951171875,
                        -111.0911865234375,
                        -53.31280517578125
                    ],
                    "transform": [
                        -0.11492493748664856,
                        -0.23600736260414124,
                        -0.9649314284324646,
                        -452.9499206542969,
                        -0.00812441110610962,
                        0.9715584516525269,
                        -0.23666054010391235,
                        -111.09117889404297,
                        0.9933409690856934,
                        -0.019358694553375244,
                        -0.11357367038726807,
                        -53.31278610229492
                    ],
                    "scale": [
                        1,
                        1,
                        1
                    ],
                    "rotation": 0.25999996066093445,
                    "weight": [
                        0,
                        0,
                        0,
                        0
                    ],
                    "weightHard": false,
                    "weightScale": [
                        1,
                        1,
                        1
                    ],
                    "mirrored": false,
                    "twinId": 0,
                    "pathable": false,
                    "flooded": false,
                    "mergeable": false,
                    "no_features": true
                },
                {
                    "proj": "BP_Bend",
                    "spec": "/pa/terrain/desert/brushes/desert_ruins_01.json",
                    "height": 469.4114990234375,
                    "op": "BO_Add",
                    "position": [
                        -452.949951171875,
                        -111.0911865234375,
                        -53.31280517578125
                    ],
                    "transform": [
                        -0.11492493748664856,
                        -0.23600736260414124,
                        -0.9649314284324646,
                        -452.9499206542969,
                        -0.00812441110610962,
                        0.9715584516525269,
                        -0.23666054010391235,
                        -111.09117126464844,
                        -0.9933409690856934,
                        0.019358694553375244,
                        0.11357367038726807,
                        53.312782287597656
                    ],
                    "scale": [
                        1,
                        1,
                        1
                    ],
                    "rotation": 0.25999996066093445,
                    "weight": [
                        0,
                        0,
                        0,
                        0
                    ],
                    "weightHard": false,
                    "weightScale": [
                        1,
                        1,
                        1
                    ],
                    "mirrored": true,
                    "twinId": 0,
                    "pathable": false,
                    "flooded": false,
                    "mergeable": false,
                    "no_features": true
                },
                {
                    "proj": "BP_Bend",
                    "spec": "/pa/terrain/desert/brushes/desert_plateau_04.json",
                    "height": 471.2937927246094,
                    "op": "BO_Add",
                    "position": [
                        -223.05569458007812,
                        -410.3746337890625,
                        62.90180206298828
                    ],
                    "transform": [
                        2.1423490047454834,
                        -0.9707619547843933,
                        -1.0696207284927368,
                        -223.05569458007812,
                        -0.9707619547843933,
                        0.8840044736862183,
                        -1.9678727388381958,
                        -410.3746337890625,
                        1.2636668682098389,
                        2.324876070022583,
                        0.3016338050365448,
                        62.9018669128418
                    ],
                    "scale": [
                        2.6699984073638916,
                        2.6699984073638916,
                        2.2599987983703613
                    ],
                    "rotation": 0,
                    "weight": [
                        0,
                        0,
                        0,
                        0
                    ],
                    "weightHard": false,
                    "weightScale": [
                        1,
                        1,
                        1
                    ],
                    "mirrored": false,
                    "twinId": 0,
                    "pathable": false,
                    "flooded": false,
                    "mergeable": false,
                    "no_features": false
                },
                {
                    "proj": "BP_Bend",
                    "spec": "/pa/terrain/desert/brushes/desert_plateau_04.json",
                    "height": 471.2937927246094,
                    "op": "BO_Add",
                    "position": [
                        -223.05569458007812,
                        -410.3746337890625,
                        62.90180206298828
                    ],
                    "transform": [
                        2.1423490047454834,
                        -0.9707619547843933,
                        -1.0696207284927368,
                        -223.05569458007812,
                        -0.9707619547843933,
                        0.8840044736862183,
                        -1.9678727388381958,
                        -410.3746337890625,
                        -1.2636668682098389,
                        -2.324876070022583,
                        -0.3016338050365448,
                        -62.9018669128418
                    ],
                    "scale": [
                        2.6699984073638916,
                        2.6699984073638916,
                        2.2599987983703613
                    ],
                    "rotation": 0,
                    "weight": [
                        0,
                        0,
                        0,
                        0
                    ],
                    "weightHard": false,
                    "weightScale": [
                        1,
                        1,
                        1
                    ],
                    "mirrored": true,
                    "twinId": 0,
                    "pathable": false,
                    "flooded": false,
                    "mergeable": false,
                    "no_features": false
                },
                {
                    "proj": "BP_Bend",
                    "spec": "/pa/terrain/mountain/brushes/mountain_crack_01.json",
                    "height": 472.6852111816406,
                    "op": "BO_Subtract",
                    "position": [
                        -363.29888916015625,
                        -298.6814880371094,
                        -47.27126693725586
                    ],
                    "transform": [
                        0.6378883123397827,
                        0.04873400926589966,
                        -0.7685853242874146,
                        -363.2989196777344,
                        -0.745022714138031,
                        -0.213695228099823,
                        -0.6318824887275696,
                        -298.6815185546875,
                        -0.19503718614578247,
                        0.9756840467453003,
                        -0.10000574588775635,
                        -47.271236419677734
                    ],
                    "scale": [
                        1,
                        1,
                        1
                    ],
                    "rotation": -1.079999566078186,
                    "weight": [
                        0,
                        0,
                        0,
                        0
                    ],
                    "weightHard": false,
                    "weightScale": [
                        1,
                        1,
                        1
                    ],
                    "mirrored": false,
                    "twinId": 0,
                    "pathable": false,
                    "flooded": false,
                    "mergeable": false,
                    "no_features": true
                },
                {
                    "proj": "BP_Bend",
                    "spec": "/pa/terrain/mountain/brushes/mountain_crack_01.json",
                    "height": 472.6852111816406,
                    "op": "BO_Subtract",
                    "position": [
                        -363.29888916015625,
                        -298.6814880371094,
                        -47.27126693725586
                    ],
                    "transform": [
                        0.6378883123397827,
                        0.04873400926589966,
                        -0.7685853242874146,
                        -363.2989196777344,
                        -0.745022714138031,
                        -0.213695228099823,
                        -0.6318824887275696,
                        -298.6815185546875,
                        0.19503718614578247,
                        -0.9756840467453003,
                        0.10000574588775635,
                        47.27123260498047
                    ],
                    "scale": [
                        1,
                        1,
                        1
                    ],
                    "rotation": -1.079999566078186,
                    "weight": [
                        0,
                        0,
                        0,
                        0
                    ],
                    "weightHard": false,
                    "weightScale": [
                        1,
                        1,
                        1
                    ],
                    "mirrored": true,
                    "twinId": 0,
                    "pathable": false,
                    "flooded": false,
                    "mergeable": false,
                    "no_features": true
                },
                {
                    "proj": "BP_Bend",
                    "spec": "/pa/terrain/mountain/brushes/mountain_crack_04.json",
                    "height": 470.98809814453125,
                    "op": "BO_Subtract",
                    "position": [
                        -373.6315002441406,
                        -247.22607421875,
                        -145.28781127929688
                    ],
                    "transform": [
                        0.2748146653175354,
                        -0.5432893633842468,
                        -0.7932929992675781,
                        -373.6315612792969,
                        -0.7608201503753662,
                        0.3816058039665222,
                        -0.5249094367027283,
                        -247.22610473632812,
                        0.5879029035568237,
                        0.7478060722351074,
                        -0.30847465991973877,
                        -145.2878875732422
                    ],
                    "scale": [
                        1,
                        1,
                        1
                    ],
                    "rotation": -0.3199999928474426,
                    "weight": [
                        0,
                        0,
                        0,
                        0
                    ],
                    "weightHard": false,
                    "weightScale": [
                        1,
                        1,
                        1
                    ],
                    "mirrored": false,
                    "twinId": 0,
                    "pathable": false,
                    "flooded": false,
                    "mergeable": false,
                    "no_features": true
                },
                {
                    "proj": "BP_Bend",
                    "spec": "/pa/terrain/mountain/brushes/mountain_crack_04.json",
                    "height": 470.98809814453125,
                    "op": "BO_Subtract",
                    "position": [
                        -373.6315002441406,
                        -247.22607421875,
                        -145.28781127929688
                    ],
                    "transform": [
                        0.2748146653175354,
                        -0.5432893633842468,
                        -0.7932929992675781,
                        -373.6315612792969,
                        -0.7608201503753662,
                        0.3816058039665222,
                        -0.5249094367027283,
                        -247.22608947753906,
                        -0.5879029035568237,
                        -0.7478060722351074,
                        0.30847465991973877,
                        145.28787231445312
                    ],
                    "scale": [
                        1,
                        1,
                        1
                    ],
                    "rotation": -0.3199999928474426,
                    "weight": [
                        0,
                        0,
                        0,
                        0
                    ],
                    "weightHard": false,
                    "weightScale": [
                        1,
                        1,
                        1
                    ],
                    "mirrored": true,
                    "twinId": 0,
                    "pathable": false,
                    "flooded": false,
                    "mergeable": false,
                    "no_features": true
                },
                {
                    "proj": "BP_Bend",
                    "spec": "/pa/terrain/mountain/brushes/mountain_crack_01.json",
                    "height": 471.32611083984375,
                    "op": "BO_Subtract",
                    "position": [
                        -422.07073974609375,
                        -203.95465087890625,
                        -49.0623664855957
                    ],
                    "transform": [
                        0.4368199110031128,
                        -0.08529360592365265,
                        -0.8954961895942688,
                        -422.07073974609375,
                        -0.8993433117866516,
                        -0.062694251537323,
                        -0.43272513151168823,
                        -203.95465087890625,
                        -0.019233763217926025,
                        0.9943814873695374,
                        -0.10409438610076904,
                        -49.062400817871094
                    ],
                    "scale": [
                        1,
                        1,
                        1
                    ],
                    "rotation": -1.139999508857727,
                    "weight": [
                        0,
                        0,
                        0,
                        0
                    ],
                    "weightHard": false,
                    "weightScale": [
                        1,
                        1,
                        1
                    ],
                    "mirrored": false,
                    "twinId": 0,
                    "pathable": false,
                    "flooded": false,
                    "mergeable": false,
                    "no_features": true
                },
                {
                    "proj": "BP_Bend",
                    "spec": "/pa/terrain/mountain/brushes/mountain_crack_01.json",
                    "height": 471.32611083984375,
                    "op": "BO_Subtract",
                    "position": [
                        -422.07073974609375,
                        -203.95465087890625,
                        -49.0623664855957
                    ],
                    "transform": [
                        0.4368199110031128,
                        -0.08529360592365265,
                        -0.8954961895942688,
                        -422.0707702636719,
                        -0.8993433117866516,
                        -0.062694251537323,
                        -0.43272513151168823,
                        -203.95465087890625,
                        0.019233763217926025,
                        -0.9943814873695374,
                        0.10409438610076904,
                        49.062400817871094
                    ],
                    "scale": [
                        1,
                        1,
                        1
                    ],
                    "rotation": -1.139999508857727,
                    "weight": [
                        0,
                        0,
                        0,
                        0
                    ],
                    "weightHard": false,
                    "weightScale": [
                        1,
                        1,
                        1
                    ],
                    "mirrored": true,
                    "twinId": 0,
                    "pathable": false,
                    "flooded": false,
                    "mergeable": false,
                    "no_features": true
                },
                {
                    "proj": "BP_Bend",
                    "spec": "/pa/terrain/desert/brushes/desert_plateau_03.json",
                    "height": 469.3760681152344,
                    "op": "BO_Add",
                    "position": [
                        3.3885726928710938,
                        -428.9725341796875,
                        190.48619079589844
                    ],
                    "transform": [
                        0.9772363305091858,
                        -0.2550608515739441,
                        0.017326340079307556,
                        3.3885724544525146,
                        0.10996436327695847,
                        0.394927978515625,
                        -2.193408489227295,
                        -428.9725341796875,
                        0.23025430738925934,
                        0.8939104080200195,
                        0.9739876389503479,
                        190.48614501953125
                    ],
                    "scale": [
                        1.0099999904632568,
                        1.0099999904632568,
                        2.399998664855957
                    ],
                    "rotation": 0.25999996066093445,
                    "weight": [
                        0,
                        0,
                        0,
                        0
                    ],
                    "weightHard": false,
                    "weightScale": [
                        1,
                        1,
                        1
