{
    "name": "Odium 1v1",
    "description": "Fight across this metal hellscape to secure victory.  There are some small bridges directly between you and your opponent, as well as an underground walkway to a covered metal expansion between bases.  There are island metal expansions at the polar caps, but the main expansion routes will take you either left or right from your starter zone, and a backside line of metal that is difficult to get to early on.",
    "creator": "Dreadnought",
    "version": "1.2",
    "planets": [
        {
            "name": "Odium",
            "mass": 35000,
            "position_x": 25300,
            "position_y": -300,
            "velocity_x": 1.6667793989181519,
            "velocity_y": 140.56558227539062,
            "required_thrust_to_move": 0,
            "starting_planet": true,
            "respawn": false,
            "start_destroyed": false,
            "min_spawn_delay": 0,
            "max_spawn_delay": 0,
            "planetCSG": [
                {
                    "proj": "BP_Bend",
                    "spec": "/pa/terrain/metal/brushes/metal_cap_01.json",
                    "height": 624.7177124023438,
                    "op": "BO_Add",
                    "position": [
                        0,
                        0,
                        624.7177124023438
                    ],
                    "transform": [
                        2,
                        0,
                        0,
                        0,
                        0,
                        2,
                        0,
                        0,
                        0,
                        0,
                        2,
                        624.7177124023438
                    ],
                    "scale": [
                        2,
                        2,
                        2
                    ],
                    "rotation": 0,
                    "weight": [
                        1,
                        1,
                        1,
                        1
                    ],
                    "weightHard": true,
                    "weightScale": [
                        1,
                        1,
                        1
                    ],
                    "mirrored": false,
                    "twinId": 1,
                    "pathable": false,
                    "flooded": false,
                    "mergeable": false,
                    "no_features": false
                },
                {
                    "proj": "BP_Bend",
                    "spec": "/pa/terrain/metal/brushes/metal_cap_01_add.json",
                    "height": 624.7177124023438,
                    "op": "BO_Add",
                    "position": [
                        0,
                        0,
                        624.7177124023438
                    ],
                    "transform": [
                        1,
                        0,
                        0,
                        0,
                        0,
                        1,
                        0,
                        0,
                        0,
                        0,
                        1,
                        624.7177124023438
                    ],
                    "scale": [
                        1,
                        1,
                        1
                    ],
                    "rotation": 0,
                    "weight": [
                        0,
                        0,
                        0,
                        0
                    ],
                    "weightHard": false,
                    "weightScale": [
                        1,
                        1,
                        1
                    ],
                    "mirrored": false,
                    "twinId": 2,
                    "pathable": false,
                    "flooded": false,
                    "mergeable": false,
                    "no_features": false
                },
                {
                    "proj": "BP_Bend",
                    "spec": "/pa/terrain/metal/brushes/metal_cap_01_add.json",
                    "height": 624.7177124023438,
                    "op": "BO_Add",
                    "position": [
                        0,
                        0,
                        624.7177124023438
                    ],
                    "transform": [
                        0.30901697278022766,
                        -0.9510565400123596,
                        0,
                        0,
                        0.9510565400123596,
                        0.30901697278022766,
                        0,
                        0,
                        0,
                        0,
                        1,
                        624.7177124023438
                    ],
                    "scale": [
                        1,
                        1,
                        1
                    ],
                    "rotation": 1.2566370964050293,
                    "weight": [
                        0,
                        0,
                        0,
                        0
                    ],
                    "weightHard": false,
                    "weightScale": [
                        1,
                        1,
                        1
                    ],
                    "mirrored": false,
                    "twinId": 3,
                    "pathable": false,
                    "flooded": false,
                    "mergeable": false,
                    "no_features": false
                },
                {
                    "proj": "BP_Bend",
                    "spec": "/pa/terrain/metal/brushes/metal_cap_01_add.json",
                    "height": 624.7177124023438,
                    "op": "BO_Add",
                    "position": [
                        0,
                        0,
                        624.7177124023438
                    ],
                    "transform": [
                        -0.8090170621871948,
                        -0.5877851843833923,
                        0,
                        0,
                        0.5877851843833923,
                        -0.8090170621871948,
                        0,
                        0,
                        0,
                        0,
                        1,
                        624.7177124023438
                    ],
                    "scale": [
                        1,
                        1,
                        1
                    ],
                    "rotation": 2.5132741928100586,
                    "weight": [
                        0,
                        0,
                        0,
                        0
                    ],
                    "weightHard": false,
                    "weightScale": [
                        1,
                        1,
                        1
                    ],
                    "mirrored": false,
                    "twinId": 4,
                    "pathable": false,
                    "flooded": false,
                    "mergeable": false,
                    "no_features": false
                },
                {
                    "proj": "BP_Bend",
                    "spec": "/pa/terrain/metal/brushes/metal_cap_01_add.json",
                    "height": 624.7177124023438,
                    "op": "BO_Add",
                    "position": [
                        0,
                        0,
                        624.7177124023438
                    ],
                    "transform": [
                        -0.7685662508010864,
                        0.5583959221839905,
                        0,
                        0,
                        -0.5583959221839905,
                        -0.7685662508010864,
                        0,
                        0,
                        0,
                        0,
                        1,
                        624.7177124023438
                    ],
                    "scale": [
                        0.9500000476837158,
                        0.9500000476837158,
                        1
                    ],
                    "rotation": 3.769911050796509,
                    "weight": [
                        0,
                        0,
                        0,
                        0
                    ],
                    "weightHard": false,
                    "weightScale": [
                        1,
                        1,
                        1
                    ],
                    "mirrored": false,
                    "twinId": 5,
                    "pathable": false,
                    "flooded": false,
                    "mergeable": false,
                    "no_features": false
                },
                {
                    "proj": "BP_Bend",
                    "spec": "/pa/terrain/metal/brushes/metal_cap_01_add.json",
                    "height": 624.7177124023438,
                    "op": "BO_Add",
                    "position": [
                        0,
                        0,
                        624.7177124023438
                    ],
                    "transform": [
                        0.3090171217918396,
                        0.9510564804077148,
                        0,
                        0,
                        -0.9510564804077148,
                        0.3090171217918396,
                        0,
                        0,
                        0,
                        0,
                        1,
                        624.7177124023438
                    ],
                    "scale": [
                        1,
                        1,
                        1
                    ],
                    "rotation": 5.026548385620117,
                    "weight": [
                        0,
                        0,
                        0,
                        0
                    ],
                    "weightHard": false,
                    "weightScale": [
                        1,
                        1,
                        1
                    ],
                    "mirrored": false,
                    "twinId": 6,
                    "pathable": false,
                    "flooded": false,
                    "mergeable": false,
                    "no_features": false
                },
                {
                    "proj": "BP_LongitudePinch",
                    "spec": "/pa/terrain/metal/brushes/metal_trench_11.json",
                    "height": 624.9221801757812,
                    "op": "BO_Add",
                    "position": [
                        441.88671875,
                        441.88671875,
                        0
                    ],
                    "transform": [
                        0.7071067690849304,
                        0,
                        0.7071067690849304,
                        441.88671875,
                        -0.7071067690849304,
                        0,
                        0.7071067690849304,
                        441.88671875,
                        0,
                        -0.9999999403953552,
                        0,
                        0
                    ],
                    "scale": [
                        1,
                        1,
                        1
                    ],
                    "rotation": -0.7853981852531433,
                    "weight": [
                        1,
                        1,
                        1,
                        1
                    ],
                    "weightHard": true,
                    "weightScale": [
                        1,
                        1,
                        1
                    ],
                    "mirrored": false,
                    "twinId": 7,
                    "pathable": false,
                    "flooded": false,
                    "mergeable": false,
                    "no_features": false
                },
                {
                    "proj": "BP_LongitudePinch",
                    "spec": "/pa/terrain/metal/brushes/metal_trench_11_sub.json",
                    "height": 624.9221801757812,
                    "op": "BO_Subtract",
                    "position": [
                        441.88671875,
                        441.88671875,
                        0.00007449653639923781
                    ],
                    "transform": [
                        0.7071067690849304,
                        1.7881393432617188e-7,
                        0.45961955189704895,
                        441.8866271972656,
                        -0.7071067690849304,
                        1.7881393432617188e-7,
                        0.45961955189704895,
                        441.8866271972656,
                        0,
                        -0.9999998211860657,
                        1.5497215599680203e-7,
                        0.0001489930582465604
                    ],
                    "scale": [
                        1,
                        1,
                        0.6500003337860107
                    ],
                    "rotation": -0.7853981852531433,
                    "weight": [
                        0,
                        0,
                        0,
                        0
                    ],
                    "weightHard": false,
                    "weightScale": [
                        1,
                        1,
                        1
                    ],
                    "mirrored": false,
                    "twinId": 0,
                    "pathable": true,
                    "flooded": false,
                    "mergeable": false,
                    "no_features": true
                },
                {
                    "proj": "BP_LongitudePinch",
                    "spec": "/pa/terrain/metal/brushes/metal_trench_11_add.json",
                    "height": 624.9221801757812,
                    "op": "BO_Add",
                    "position": [
                        441.88671875,
                        441.88671875,
                        0.00007449653639923781
                    ],
                    "transform": [
                        0.7071067690849304,
                        1.7881393432617188e-7,
                        0.7071066498756409,
                        441.8866271972656,
                        -0.7071067690849304,
                        1.7881393432617188e-7,
                        0.7071066498756409,
                        441.8866271972656,
                        0,
                        -0.9999998211860657,
                        2.384185791015625e-7,
                        0.0001489930582465604
                    ],
                    "scale": [
                        1,
                        1,
                        1
                    ],
                    "rotation": -0.7853981852531433,
                    "weight": [
                        0,
                        0,
                        0,
                        0
                    ],
                    "weightHard": false,
                    "weightScale": [
                        1,
                        1,
                        1
                    ],
                    "mirrored": false,
                    "twinId": 0,
                    "pathable": true,
                    "flooded": false,
                    "mergeable": false,
                    "no_features": false
                },
                {
                    "proj": "BP_LongitudePinch",
                    "spec": "/pa/terrain/metal/brushes/metal_trench_11.json",
                    "height": 624.9221801757812,
                    "op": "BO_Add",
                    "position": [
                        -441.88671875,
                        -441.88671875,
                        0
                    ],
                    "transform": [
                        0.7071067690849304,
                        0,
                        -0.7071067690849304,
                        -441.88671875,
                        -0.7071067690849304,
                        0,
                        -0.7071067690849304,
                        -441.88671875,
                        0,
                        0.9999999403953552,
                        0,
                        0
                    ],
                    "scale": [
                        1,
                        1,
                        1
                    ],
                    "rotation": -0.7853981852531433,
                    "weight": [
                        1,
                        1,
                        1,
                        1
                    ],
                    "weightHard": true,
                    "weightScale": [
                        1,
                        1,
                        1
                    ],
                    "mirrored": false,
                    "twinId": 8,
                    "pathable": false,
                    "flooded": false,
                    "mergeable": false,
                    "no_features": false
                },
                {
                    "proj": "BP_LongitudePinch",
                    "spec": "/pa/terrain/metal/brushes/metal_trench_11_sub.json",
                    "height": 624.9221801757812,
                    "op": "BO_Subtract",
                    "position": [
                        -441.88671875,
                        -441.88671875,
                        0.00007449653639923781
                    ],
                    "transform": [
                        0.7071067690849304,
                        1.7881393432617188e-7,
                        -0.7071066498756409,
                        -441.8866271972656,
                        -0.7071067690849304,
                        1.7881393432617188e-7,
                        -0.7071066498756409,
                        -441.8866271972656,
                        0,
                        0.9999998211860657,
                        2.384185791015625e-7,
                        0.0001489930582465604
                    ],
                    "scale": [
                        1,
                        1,
                        1
                    ],
                    "rotation": -0.7853981852531433,
                    "weight": [
                        0,
                        0,
                        0,
                        0
                    ],
                    "weightHard": false,
                    "weightScale": [
                        1,
                        1,
                        1
                    ],
                    "mirrored": false,
                    "twinId": 0,
                    "pathable": true,
                    "flooded": false,
                    "mergeable": false,
                    "no_features": true
                },
                {
                    "proj": "BP_LongitudePinch",
                    "spec": "/pa/terrain/metal/brushes/metal_trench_11_add.json",
                    "height": 624.9221801757812,
                    "op": "BO_Add",
                    "position": [
                        -441.88671875,
                        -441.88671875,
                        0.00007449653639923781
                    ],
                    "transform": [
                        0.7071067690849304,
                        1.7881393432617188e-7,
                        -0.7071066498756409,
                        -441.8866271972656,
                        -0.7071067690849304,
                        1.7881393432617188e-7,
                        -0.7071066498756409,
                        -441.8866271972656,
                        0,
                        0.9999998211860657,
                        2.384185791015625e-7,
                        0.0001489930582465604
                    ],
                    "scale": [
                        1,
                        1,
                        1
                    ],
                    "rotation": -0.7853981852531433,
                    "weight": [
                        0,
                        0,
                        0,
                        0
                    ],
                    "weightHard": false,
                    "weightScale": [
                        1,
                        1,
                        1
                    ],
                    "mirrored": false,
                    "twinId": 0,
                    "pathable": true,
                    "flooded": false,
                    "mergeable": false,
                    "no_features": false
                },
                {
                    "proj": "BP_LongitudePinch",
                    "spec": "/pa/terrain/metal/brushes/metal_trench_11.json",
                    "height": 624.9221801757812,
                    "op": "BO_Add",
                    "position": [
                        441.88671875,
                        -441.88671875,
                        0
                    ],
                    "transform": [
                        0.7071067690849304,
                        0,
                        0.7071067690849304,
                        441.88671875,
                        0.7071067690849304,
                        0,
                        -0.7071067690849304,
                        -441.88671875,
                        0,
                        0.9999999403953552,
                        0,
                        0
                    ],
                    "scale": [
                        1,
                        1,
                        1
                    ],
                    "rotation": 0.7853981852531433,
                    "weight": [
                        1,
                        1,
                        1,
                        1
                    ],
                    "weightHard": true,
                    "weightScale": [
                        1,
                        1,
                        1
                    ],
                    "mirrored": false,
                    "twinId": 9,
                    "pathable": false,
                    "flooded": false,
                    "mergeable": false,
                    "no_features": false
                },
                {
                    "proj": "BP_LongitudePinch",
                    "spec": "/pa/terrain/metal/brushes/metal_trench_11_sub.json",
                    "height": 624.9221801757812,
                    "op": "BO_Subtract",
                    "position": [
                        441.88671875,
                        -441.88671875,
                        0.00007449653639923781
                    ],
                    "transform": [
                        0.7071067690849304,
                        -1.7881393432617188e-7,
                        0.7071066498756409,
                        441.8866271972656,
                        0.7071067690849304,
                        1.7881393432617188e-7,
                        -0.7071066498756409,
                        -441.8866271972656,
                        0,
                        0.9999998211860657,
                        2.384185791015625e-7,
                        0.0001489930582465604
                    ],
                    "scale": [
                        1,
                        1,
                        1
                    ],
                    "rotation": 0.7853981852531433,
                    "weight": [
                        0,
                        0,
                        0,
                        0
                    ],
                    "weightHard": false,
                    "weightScale": [
                        1,
                        1,
                        1
                    ],
                    "mirrored": false,
                    "twinId": 0,
                    "pathable": true,
                    "flooded": false,
                    "mergeable": false,
                    "no_features": true
                },
                {
                    "proj": "BP_LongitudePinch",
                    "spec": "/pa/terrain/metal/brushes/metal_trench_11_add.json",
                    "height": 624.9221801757812,
                    "op": "BO_Add",
                    "position": [
                        441.88671875,
                        -441.88671875,
                        0.00007449653639923781
                    ],
                    "transform": [
                        0.7071067690849304,
                        -1.7881393432617188e-7,
                        0.7071066498756409,
                        441.8866271972656,
                        0.7071067690849304,
                        1.7881393432617188e-7,
                        -0.7071066498756409,
                        -441.8866271972656,
                        0,
                        0.9999998211860657,
                        2.384185791015625e-7,
                        0.0001489930582465604
                    ],
                    "scale": [
                        1,
                        1,
                        1
                    ],
                    "rotation": 0.7853981852531433,
                    "weight": [
                        0,
                        0,
                        0,
                        0
                    ],
                    "weightHard": false,
                    "weightScale": [
                        1,
                        1,
                        1
                    ],
                    "mirrored": false,
                    "twinId": 0,
                    "pathable": true,
                    "flooded": false,
                    "mergeable": false,
                    "no_features": false
                },
                {
                    "proj": "BP_LongitudePinch",
                    "spec": "/pa/terrain/metal/brushes/metal_trench_11.json",
                    "height": 624.9221801757812,
                    "op": "BO_Add",
                    "position": [
                        -441.88671875,
                        441.88671875,
                        0
                    ],
                    "transform": [
                        0.7071067690849304,
                        0,
                        -0.7071067690849304,
                        -441.88671875,
                        0.7071067690849304,
                        0,
                        0.7071067690849304,
                        441.88671875,
                        0,
                        -0.9999999403953552,
                        0,
                        0
                    ],
                    "scale": [
                        1,
                        1,
                        1
                    ],
                    "rotation": 0.7853981852531433,
                    "weight": [
                        1,
                        1,
                        1,
                        1
                    ],
                    "weightHard": true,
                    "weightScale": [
                        1,
                        1,
                        1
                    ],
                    "mirrored": false,
                    "twinId": 10,
                    "pathable": false,
                    "flooded": false,
                    "mergeable": false,
                    "no_features": false
                },
                {
                    "proj": "BP_LongitudePinch",
                    "spec": "/pa/terrain/metal/brushes/metal_trench_11_sub.json",
                    "height": 624.9221801757812,
                    "op": "BO_Subtract",
                    "position": [
                        -441.88671875,
                        441.88671875,
                        0.00007449653639923781
                    ],
                    "transform": [
                        0.7071067690849304,
                        -1.7881393432617188e-7,
                        -0.7071066498756409,
                        -441.8866271972656,
                        0.7071067690849304,
                        1.7881393432617188e-7,
                        0.7071066498756409,
                        441.8866271972656,
                        0,
                        -0.9999998211860657,
                        2.384185791015625e-7,
                        0.0001489930582465604
                    ],
                    "scale": [
                        1,
                        1,
                        1
                    ],
                    "rotation": 0.7853981852531433,
                    "weight": [
                        0,
                        0,
                        0,
                        0
                    ],
                    "weightHard": false,
                    "weightScale": [
                        1,
                        1,
                        1
                    ],
                    "mirrored": false,
                    "twinId": 0,
                    "pathable": true,
                    "flooded": false,
                    "mergeable": false,
                    "no_features": true
                },
                {
                    "proj": "BP_LongitudePinch",
                    "spec": "/pa/terrain/metal/brushes/metal_trench_11_add.json",
                    "height": 624.9221801757812,
                    "op": "BO_Add",
                    "position": [
                        -441.88671875,
                        441.88671875,
                        0.00007449653639923781
                    ],
                    "transform": [
                        0.7071067690849304,
                        -1.7881393432617188e-7,
                        -0.7071066498756409,
                        -441.8866271972656,
                        0.7071067690849304,
                        1.7881393432617188e-7,
                        0.7071066498756409,
                        441.8866271972656,
                        0,
                        -0.9999998211860657,
                        2.384185791015625e-7,
                        0.0001489930582465604
                    ],
                    "scale": [
                        1,
                        1,
                        1
                    ],
                    "rotation": 0.7853981852531433,
                    "weight": [
                        0,
                        0,
                        0,
                        0
                    ],
                    "weightHard": false,
                    "weightScale": [
                        1,
                        1,
                        1
                    ],
                    "mirrored": false,
                    "twinId": 0,
                    "pathable": true,
                    "flooded": false,
                    "mergeable": false,
                    "no_features": false
                },
                {
                    "proj": "BP_LongitudePinch",
                    "spec": "/pa/terrain/metal/brushes/metal_structure_06.json",
                    "height": 624.8628540039062,
                    "op": "BO_Add",
                    "position": [
                        -434.692626953125,
                        -222.36895751953125,
                        389.9332275390625
                    ],
                    "transform": [
                        -0.4369322657585144,
                        -0.5702158212661743,
                        -0.6956609487533569,
                        -434.69268798828125,
                        0.899128258228302,
                        -0.25480586290359497,
                        -0.35586845874786377,
                        -222.36898803710938,
                        0.025663316249847412,
                        -0.780978798866272,
                        0.6240301132202148,
                        389.9332275390625
                    ],
                    "scale": [
                        1,
                        1,
                        1
                    ],
                    "rotation": 2.010796070098877,
                    "weight": [
                        1,
                        1,
                        1,
                        1
                    ],
                    "weightHard": true,
                    "weightScale": [
                        3,
                        3,
                        3
                    ],
                    "mirrored": false,
                    "twinId": 12,
                    "pathable": false,
                    "flooded": false,
                    "mergeable": false,
                    "no_features": false
                },
                {
                    "proj": "BP_LongitudePinch",
                    "spec": "/pa/terrain/metal/brushes/metal_structure_06.json",
                    "height": 624.8348999023438,
                    "op": "BO_Add",
                    "position": [
                        -492.3123779296875,
                        -244.45245361328125,
                        297.1365966796875
                    ],
                    "transform": [
                        -0.42695558071136475,
                        -0.44374552369117737,
                        -0.7879078984260559,
                        -492.3123474121094,
                        0.9035578370094299,
                        -0.17471270263195038,
                        -0.39122724533081055,
                        -244.4524383544922,
                        0.03594779968261719,
                        -0.8789570331573486,
                        0.4755442142486572,
                        297.1366271972656
                    ],
                    "scale": [
                        1,
                        1,
                        1
                    ],
                    "rotation": 1.9907960891723633,
                    "weight": [
                        1,
                        1,
                        1,
                        1
                    ],
                    "weightHard": true,
                    "weightScale": [
                        3,
                        3,
                        3
                    ],
                    "mirrored": false,
                    "twinId": 16,
                    "pathable": false,
                    "flooded": false,
                    "mergeable": false,
                    "no_features": false
                },
                {
                    "proj": "BP_LongitudePinch",
                    "spec": "/pa/terrain/metal/brushes/metal_structure_07.json",
                    "height": 624.8426513671875,
                    "op": "BO_Add",
                    "position": [
                        -470.5128173828125,
                        -358.9559326171875,
                        200.4910888671875
                    ],
                    "transform": [
                        -0.6049892902374268,
                        -0.2587735652923584,
                        -0.753010094165802,
                        -470.5128173828125,
                        0.7962129712104797,
                        -0.18980109691619873,
                        -0.5744740962982178,
                        -358.9559326171875,
                        0.005736589431762695,
                        -0.9471070766448975,
                        0.3208664655685425,
                        200.49105834960938
                    ],
                    "scale": [
                        1,
                        1,
                        1
                    ],
                    "rotation": 2.2164478302001953,
                    "weight": [
                        2,
                        2,
                        2,
                        2
                    ],
                    "weightHard": true,
                    "weightScale": [
                        10,
                        10,
                        10
                    ],
                    "mirrored": false,
                    "twinId": 33,
                    "pathable": false,
                    "flooded": false,
                    "mergeable": false,
                    "no_features": false
                },
                {
                    "proj": "BP_LongitudePinch",
                    "spec": "/pa/terrain/metal/brushes/metal_structure_04.json",
                    "height": 624.9598999023438,
                    "op": "BO_Add",
                    "position": [
                        456.6134033203125,
                        -362.85333251953125,
                        224.53619384765625
                    ],
                    "transform": [
                        -0.6121368408203125,
                        0.3024412989616394,
                        0.7306283712387085,
                        456.6134338378906,
                        -0.7901046276092529,
                        -0.19655847549438477,
                        -0.5806026458740234,
                        -362.8533630371094,
                        -0.03198698163032532,
                        -0.9326810836791992,
                        0.35928094387054443,
                        224.5361785888672
                    ],
                    "scale": [
                        1,
                        1,
                        1
                    ],
                    "rotation": -2.207991600036621,
                    "weight": [
                        1,
                        1,
                        1,
                        1
                    ],
                    "weightHard": true,
                    "weightScale": [
                        6,
                        6,
                        6
                    ],
                    "mirrored": false,
                    "twinId": 34,
                    "pathable": false,
                    "flooded": false,
                    "mergeable": false,
                    "no_features": false
                },
                {
                    "proj": "BP_LongitudePinch",
                    "spec": "/pa/terrain/metal/brushes/metal_structure_07.json",
                    "height": 624.8802490234375,
                    "op": "BO_Add",
                    "position": [
                        409.5777587890625,
                        -417.350341796875,
                        220.3181610107422
                    ],
                    "transform": [
                        -0.7066046595573425,
                        0.26663661003112793,
                        0.6554499864578247,
                        409.5777893066406,
                        -0.7071332931518555,
                        -0.23213671147823334,
                        -0.6678885221481323,
                        -417.3503723144531,
                        -0.025929570198059082,
                        -0.935423731803894,
                        0.35257646441459656,
                        220.31808471679688
                    ],
                    "scale": [
                        1,
                        1,
                        1
                    ],
                    "rotation": -2.337881088256836,
                    "weight": [
                        2,
                        2,
                        2,
                        2
                    ],
                    "weightHard": true,
