{
    "name": "Icebreaker 1v1",
    "description": "Break the ice to uncover the rich resources buried below in this naval map.  The closest shortcut to your opponent's base has shallows cuttofs that allow access to only fabricators and piranhas, otherwise expand out into the vast oceans and contend with the power of the seas.",
    "creator": "Dreadnought",
    "version": "1.2",
    "planets": [
        {
            "name": "Icebreaker",
            "mass": 10000,
            "position_x": 31500,
            "position_y": 0,
            "velocity_x": -0.000005507117293745978,
            "velocity_y": 125.9881591796875,
            "required_thrust_to_move": 0,
            "starting_planet": true,
            "respawn": false,
            "start_destroyed": false,
            "min_spawn_delay": 0,
            "max_spawn_delay": 0,
            "planetCSG": [
                {
                    "proj": "BP_Bend",
                    "spec": "/pa/terrain/ice/brushes/ice_cliff_09.json",
                    "height": 710.5064697265625,
                    "op": "BO_Add",
                    "position": [
                        -91.27545166015625,
                        498.24102783203125,
                        498.24102783203125
                    ],
                    "transform": [
                        -0.98955899477005,
                        0.0653424859046936,
                        -0.12846532464027405,
                        -91.27545166015625,
                        -0.1372314840555191,
                        -0.6995850205421448,
                        0.7012476325035095,
                        498.24102783203125,
                        -0.0440511628985405,
                        0.7115554809570312,
                        0.7012476325035095,
                        498.24102783203125
                    ],
                    "scale": [
                        1,
                        1,
                        1
                    ],
                    "rotation": 3.2609496116638184,
                    "weight": [
                        1,
                        1,
                        1,
                        1
                    ],
                    "weightHard": true,
                    "weightScale": [
                        2,
                        2,
                        2
                    ],
                    "mirrored": false,
                    "twinId": 1,
                    "pathable": false,
                    "flooded": false,
                    "mergeable": false,
                    "no_features": false
                },
                {
                    "proj": "BP_Bend",
                    "spec": "/pa/terrain/ice/brushes/ice_cliff_11.json",
                    "height": 715.0863647460938,
                    "op": "BO_Add",
                    "position": [
                        704.1701049804688,
                        -116.88520812988281,
                        42.78841018676758
                    ],
                    "transform": [
                        0.046272989362478256,
                        -0.1678008884191513,
                        0.9847342371940613,
                        704.1700439453125,
                        0.57722008228302,
                        -0.8000618815422058,
                        -0.1634560525417328,
                        -116.88519287109375,
                        0.8152764439582825,
                        0.5759719610214233,
                        0.05983680486679077,
                        42.788482666015625
                    ],
                    "scale": [
                        1,
                        1,
                        1
                    ],
                    "rotation": 2.362044334411621,
                    "weight": [
                        1,
                        1,
                        1,
                        1
                    ],
                    "weightHard": true,
                    "weightScale": [
                        4,
                        4,
                        4
                    ],
                    "mirrored": false,
                    "twinId": 2,
                    "pathable": false,
                    "flooded": false,
                    "mergeable": false,
                    "no_features": false
                },
                {
                    "proj": "BP_Bend",
                    "spec": "/pa/terrain/ice/brushes/ice_cliff_11.json",
                    "height": 704.39208984375,
                    "op": "BO_Add",
                    "position": [
                        39.41595458984375,
                        -626.61962890625,
                        319.31561279296875
                    ],
                    "transform": [
                        0.30710387229919434,
                        -1.5269790887832642,
                        0.055957406759262085,
                        39.41595458984375,
                        0.7097210884094238,
                        0.06340344250202179,
                        -0.8895893096923828,
                        -626.6196899414062,
                        1.3548364639282227,
                        0.3129104673862457,
                        0.45332080125808716,
                        319.3155822753906
                    ],
                    "scale": [
                        1.5599994659423828,
                        1.5599994659423828,
                        1
                    ],
                    "rotation": 1.4066379070281982,
                    "weight": [
                        1,
                        1,
                        1,
                        1
                    ],
                    "weightHard": true,
                    "weightScale": [
                        4,
                        4,
                        4
                    ],
                    "mirrored": false,
                    "twinId": 3,
                    "pathable": false,
                    "flooded": false,
                    "mergeable": false,
                    "no_features": false
                },
                {
                    "proj": "BP_Bend",
                    "spec": "/pa/terrain/ice/brushes/ice_cliff_11.json",
                    "height": 706.3588256835938,
                    "op": "BO_Add",
                    "position": [
                        428.52484130859375,
                        -455.6535949707031,
                        328.1600036621094
                    ],
                    "transform": [
                        -0.5566584467887878,
                        0.5675262212753296,
                        0.6066673398017883,
                        428.5248718261719,
                        -0.7619326114654541,
                        -0.05777876079082489,
                        -0.6450738310813904,
                        -455.65362548828125,
                        -0.33104386925697327,
                        -0.8213255405426025,
                        0.4645797908306122,
                        328.1600646972656
                    ],
                    "scale": [
                        1,
                        1,
                        1
                    ],
                    "rotation": 4.2794599533081055,
                    "weight": [
                        1,
                        1,
                        1,
                        1
                    ],
                    "weightHard": true,
                    "weightScale": [
                        4,
                        4,
                        4
                    ],
                    "mirrored": false,
                    "twinId": 4,
                    "pathable": false,
                    "flooded": false,
                    "mergeable": false,
                    "no_features": false
                },
                {
                    "proj": "BP_Bend",
                    "spec": "/pa/terrain/ice/brushes/ice_cliff_09.json",
                    "height": 704.3695068359375,
                    "op": "BO_Add",
                    "position": [
                        633.8378295898438,
                        284.4347839355469,
                        116.11615753173828
                    ],
                    "transform": [
                        0.36942511796951294,
                        0.2318778932094574,
                        0.8998652696609497,
                        633.837646484375,
                        -0.9065632820129395,
                        -0.1227869838476181,
                        0.4038146138191223,
                        284.4346923828125,
                        0.20412741601467133,
                        -0.9649641513824463,
                        0.16485142707824707,
                        116.11631774902344
                    ],
                    "scale": [
                        1,
                        1,
                        1
                    ],
                    "rotation": 4.925737380981445,
                    "weight": [
                        1,
                        1,
                        1,
                        1
                    ],
                    "weightHard": true,
                    "weightScale": [
                        2,
                        2,
                        2
                    ],
                    "mirrored": false,
                    "twinId": 5,
                    "pathable": false,
                    "flooded": false,
                    "mergeable": false,
                    "no_features": false
                },
                {
                    "proj": "BP_Bend",
                    "spec": "/pa/terrain/ice/brushes/ice_cliff_06.json",
                    "height": 704.1218872070312,
                    "op": "BO_Add",
                    "position": [
                        638.6287231445312,
                        -259.5785217285156,
                        143.38742065429688
                    ],
                    "transform": [
                        0.2601725459098816,
                        -0.3311895430088043,
                        0.9069860577583313,
                        638.6287841796875,
                        0.870669960975647,
                        -0.32561755180358887,
                        -0.36865565180778503,
                        -259.5785217285156,
                        0.4174255132675171,
                        0.885599672794342,
                        0.20364002883434296,
                        143.3874053955078
                    ],
                    "scale": [
                        1,
                        1,
                        1
                    ],
                    "rotation": 1.6251957416534424,
                    "weight": [
                        1,
                        1,
                        1,
                        1
                    ],
                    "weightHard": true,
                    "weightScale": [
                        2,
                        2,
                        2
                    ],
                    "mirrored": false,
                    "twinId": 6,
                    "pathable": false,
                    "flooded": false,
                    "mergeable": false,
                    "no_features": false
                },
                {
                    "proj": "BP_Bend",
                    "spec": "/pa/terrain/ice/brushes/ice_cliff_08.json",
                    "height": 703.26611328125,
                    "op": "BO_Add",
                    "position": [
                        566.5340576171875,
                        77.8210678100586,
                        409.3486328125
                    ],
                    "transform": [
                        0.7346785664558411,
                        0.004306532442569733,
                        0.8055756688117981,
                        566.5340576171875,
                        -0.19369900226593018,
                        1.2170672416687012,
                        0.11065664142370224,
                        77.8210678100586,
                        -0.9799631237983704,
                        -0.23733624815940857,
                        0.5820678472518921,
                        409.3486022949219
                    ],
                    "scale": [
                        1.239999771118164,
                        1.239999771118164,
                        1
                    ],
                    "rotation": 6.1820807456970215,
                    "weight": [
                        1,
                        1,
                        1,
                        1
                    ],
                    "weightHard": true,
                    "weightScale": [
                        2,
                        2,
                        2
                    ],
                    "mirrored": false,
                    "twinId": 7,
                    "pathable": false,
                    "flooded": false,
                    "mergeable": false,
                    "no_features": false
                },
                {
                    "proj": "BP_Bend",
                    "spec": "/pa/terrain/ice/brushes/ice_cliff_02.json",
                    "height": 704.5670166015625,
                    "op": "BO_Add",
                    "position": [
                        377.91650390625,
                        12.035198211669922,
                        594.5157470703125
                    ],
                    "transform": [
                        0.006251795683056116,
                        0.8439527153968811,
                        0.536381185054779,
                        377.91650390625,
                        -0.9998481869697571,
                        -0.0034497841261327267,
                        0.017081696540117264,
                        12.035200119018555,
                        0.01626654341816902,
                        -0.5364065766334534,
                        0.8438029289245605,
                        594.5156860351562
                    ],
                    "scale": [
                        1,
                        1,
                        1
                    ],
                    "rotation": 4.713908672332764,
                    "weight": [
                        1,
                        1,
                        1,
                        1
                    ],
                    "weightHard": false,
                    "weightScale": [
                        4,
                        4,
                        4
                    ],
                    "mirrored": false,
                    "twinId": 8,
                    "pathable": false,
                    "flooded": false,
                    "mergeable": false,
                    "no_features": false
                },
                {
                    "proj": "BP_Bend",
                    "spec": "/pa/terrain/ice/brushes/ice_cliff_01.json",
                    "height": 707.9942626953125,
                    "op": "BO_Add",
                    "position": [
                        552.3043823242188,
                        442.82135009765625,
                        11.180685997009277
                    ],
                    "transform": [
                        -1.4297330379486084,
                        0.16316449642181396,
                        0.780097246170044,
                        552.3043823242188,
                        1.7755012512207031,
                        -0.2610545754432678,
                        0.6254589557647705,
                        442.82135009765625,
                        0.3057006001472473,
                        2.2793030738830566,
                        0.015792012214660645,
                        11.18065357208252
                    ],
                    "scale": [
                        2.2999987602233887,
                        2.2999987602233887,
                        1
                    ],
                    "rotation": 2.3799405097961426,
                    "weight": [
                        1,
                        1,
                        1,
                        1
                    ],
                    "weightHard": false,
                    "weightScale": [
                        4,
                        4,
                        4
                    ],
                    "mirrored": false,
                    "twinId": 9,
                    "pathable": false,
                    "flooded": false,
                    "mergeable": false,
                    "no_features": false
                },
                {
                    "proj": "BP_Bend",
                    "spec": "/pa/terrain/ice/brushes/ice_cliff_01.json",
                    "height": 713.4450073242188,
                    "op": "BO_Add",
                    "position": [
                        694.5371704101562,
                        -150.89881896972656,
                        62.060203552246094
                    ],
                    "transform": [
                        0.08157385140657425,
                        0.21365326642990112,
                        0.973497748374939,
                        694.537109375,
                        -0.03420102596282959,
                        0.9767778515815735,
                        -0.21150727570056915,
                        -150.8988037109375,
                        -0.996080219745636,
                        -0.016041144728660583,
                        0.0869867205619812,
                        62.06024169921875
                    ],
                    "scale": [
                        1,
                        1,
                        1
                    ],
                    "rotation": 6.053142070770264,
                    "weight": [
                        1,
                        1,
                        1,
                        1
                    ],
                    "weightHard": false,
                    "weightScale": [
                        4,
                        4,
                        4
                    ],
                    "mirrored": false,
                    "twinId": 10,
                    "pathable": false,
                    "flooded": false,
                    "mergeable": false,
                    "no_features": false
                },
                {
                    "proj": "BP_Bend",
                    "spec": "/pa/terrain/ice/brushes/ice_cliff_01.json",
                    "height": 702.8929443359375,
                    "op": "BO_Add",
                    "position": [
                        -191.46078491210938,
                        521.40283203125,
                        430.7440185546875
                    ],
                    "transform": [
                        -0.37746506929397583,
                        -2.6383917331695557,
                        -0.272389680147171,
                        -191.46078491210938,
                        1.6640446186065674,
                        -0.825685977935791,
                        0.7417954802513123,
                        521.40283203125,
                        -2.1820554733276367,
                        -0.1732667088508606,
                        0.6128159761428833,
                        430.7440185546875
                    ],
                    "scale": [
                        2.76999831199646,
                        2.76999831199646,
                        1
                    ],
                    "rotation": 1.8434749841690063,
                    "weight": [
                        1,
                        1,
                        1,
                        1
                    ],
                    "weightHard": false,
                    "weightScale": [
                        4,
                        4,
                        4
                    ],
                    "mirrored": false,
                    "twinId": 11,
                    "pathable": false,
                    "flooded": false,
                    "mergeable": false,
                    "no_features": false
                },
                {
                    "proj": "BP_Bend",
                    "spec": "/pa/terrain/ice/brushes/ice_cliff_04.json",
                    "height": 708.8670043945312,
                    "op": "BO_Add",
                    "position": [
                        214.53431701660156,
                        462.8621826171875,
                        492.1646728515625
                    ],
                    "transform": [
                        0.9439176321029663,
                        -0.13200810551643372,
                        0.3026439845561981,
                        214.53433227539062,
                        -0.10444549471139908,
                        0.7501558065414429,
                        0.6529605388641357,
                        462.8621826171875,
                        -0.31322619318962097,
                        -0.6479507684707642,
                        0.6942975521087646,
                        492.16461181640625
                    ],
                    "scale": [
                        1,
                        1,
                        1
                    ],
                    "rotation": 0.01626858487725258,
                    "weight": [
                        1,
                        1,
                        1,
                        1
                    ],
                    "weightHard": false,
                    "weightScale": [
                        6,
                        6,
                        6
                    ],
                    "mirrored": false,
                    "twinId": 12,
                    "pathable": false,
                    "flooded": false,
                    "mergeable": false,
                    "no_features": false
                },
                {
                    "proj": "BP_Bend",
                    "spec": "/pa/terrain/ice/brushes/ice_cliff_02.json",
                    "height": 711.3360595703125,
                    "op": "BO_Add",
                    "position": [
                        508.8218688964844,
                        -134.57672119140625,
                        478.527587890625
                    ],
                    "transform": [
                        -0.2193392515182495,
                        -0.6634983420372009,
                        0.7153043746948242,
                        508.8218078613281,
                        0.8532248735427856,
                        -0.4860195815563202,
                        -0.1891886442899704,
                        -134.5767059326172,
                        0.47317826747894287,
                        0.568818986415863,
                        0.6727163791656494,
                        478.52740478515625
                    ],
                    "scale": [
                        1,
                        1,
                        1
                    ],
                    "rotation": 2.006098747253418,
                    "weight": [
                        1,
                        1,
                        1,
                        1
                    ],
                    "weightHard": false,
                    "weightScale": [
                        4,
                        4,
                        4
                    ],
                    "mirrored": false,
                    "twinId": 13,
                    "pathable": false,
                    "flooded": false,
                    "mergeable": false,
                    "no_features": false
                },
                {
                    "proj": "BP_Bend",
                    "spec": "/pa/terrain/ice/brushes/ice_cliff_02.json",
                    "height": 703.6249389648438,
                    "op": "BO_Add",
                    "position": [
                        391.4028015136719,
                        23.960037231445312,
                        584.22412109375
                    ],
                    "transform": [
                        -1.1004763841629028,
                        -1.3112753629684448,
                        0.5562661290168762,
                        391.4027099609375,
                        1.6068012714385986,
                        -1.287192702293396,
                        0.034052278846502304,
                        23.960033416748047,
                        0.6713697910308838,
                        0.9312828779220581,
                        0.8303061723709106,
                        584.22412109375
                    ],
                    "scale": [
                        2.0599989891052246,
                        2.0599989891052246,
                        1
                    ],
                    "rotation": 2.256556987762451,
                    "weight": [
                        1,
                        1,
                        1,
                        1
                    ],
                    "weightHard": false,
                    "weightScale": [
                        4,
                        4,
                        4
                    ],
                    "mirrored": false,
                    "twinId": 14,
                    "pathable": false,
                    "flooded": false,
                    "mergeable": false,
                    "no_features": false
                },
                {
                    "proj": "BP_Bend",
                    "spec": "/pa/terrain/ice/brushes/ice_cliff_01.json",
                    "height": 705.7846069335938,
                    "op": "BO_Add",
                    "position": [
                        -136.38223266601562,
                        458.3935546875,
                        519.04443359375
                    ],
                    "transform": [
                        -0.42908889055252075,
                        0.8823508620262146,
                        -0.1932349056005478,
                        -136.38223266601562,
                        -0.7300036549568176,
                        -0.21276582777500153,
                        0.6494807004928589,
                        458.3935241699219,
                        0.5319560766220093,
                        0.41974717378616333,
                        0.7354148030281067,
                        519.0444946289062
                    ],
                    "scale": [
                        1,
                        1,
                        1
                    ],
                    "rotation": 4.333534240722656,
                    "weight": [
                        1,
                        1,
                        1,
                        1
                    ],
                    "weightHard": false,
                    "weightScale": [
                        4,
                        4,
                        4
                    ],
                    "mirrored": false,
                    "twinId": 15,
                    "pathable": false,
                    "flooded": false,
                    "mergeable": false,
                    "no_features": false
                },
                {
                    "proj": "BP_Bend",
                    "spec": "/pa/terrain/ice/brushes/ice_cliff_03.json",
                    "height": 706.5914916992188,
                    "op": "BO_Add",
                    "position": [
                        260.02166748046875,
                        538.1739501953125,
                        376.8674621582031
                    ],
                    "transform": [
                        -0.8788761496543884,
                        -0.3035735487937927,
                        0.36799436807632446,
                        260.0216979980469,
                        0.4721912741661072,
                        -0.4437655210494995,
                        0.7616479396820068,
                        538.1739501953125,
                        -0.06791296601295471,
                        0.8431578874588013,
                        0.5333597660064697,
                        376.8674621582031
                    ],
                    "scale": [
                        1,
                        1,
                        1
                    ],
                    "rotation": 2.6111388206481934,
                    "weight": [
                        1,
                        1,
                        1,
                        1
                    ],
                    "weightHard": false,
                    "weightScale": [
                        5,
                        5,
                        5
                    ],
                    "mirrored": false,
                    "twinId": 16,
                    "pathable": false,
                    "flooded": false,
                    "mergeable": false,
                    "no_features": false
                },
                {
                    "proj": "BP_Bend",
                    "spec": "/pa/terrain/ice/brushes/ice_cliff_04.json",
                    "height": 705.173095703125,
                    "op": "BO_Add",
                    "position": [
                        592.3248291015625,
                        -173.85658264160156,
                        340.8724670410156
                    ],
                    "transform": [
                        0.494742751121521,
                        -0.22288599610328674,
                        0.839971125125885,
                        592.3250122070312,
                        0.7138664722442627,
                        0.6554467082023621,
                        -0.24654461443424225,
                        -173.85662841796875,
                        -0.4956050217151642,
                        0.7216033339500427,
                        0.48338836431503296,
                        340.8724670410156
                    ],
                    "scale": [
                        1,
                        1,
                        1
                    ],
                    "rotation": 0.6834798455238342,
                    "weight": [
                        1,
                        1,
                        1,
                        1
                    ],
                    "weightHard": false,
                    "weightScale": [
                        6,
                        6,
                        6
                    ],
                    "mirrored": false,
                    "twinId": 17,
                    "pathable": false,
                    "flooded": false,
                    "mergeable": false,
                    "no_features": false
                },
                {
                    "proj": "BP_Bend",
                    "spec": "/pa/terrain/ice/brushes/ice_cliff_02.json",
                    "height": 703.2158203125,
                    "op": "BO_Add",
                    "position": [
                        305.8817443847656,
                        633.0917358398438,
                        11.987491607666016
                    ],
                    "transform": [
                        0.4376193881034851,
                        -0.7869469523429871,
                        0.43497562408447266,
                        305.8817443847656,
                        -0.19481709599494934,
                        0.3892822861671448,
                        0.9002808332443237,
                        633.0917358398438,
                        -0.8778015375137329,
                        -0.4787210524082184,
                        0.017046809196472168,
                        11.98758602142334
                    ],
                    "scale": [
                        1,
                        1,
                        1
                    ],
                    "rotation": 0.6214382648468018,
                    "weight": [
                        1,
                        1,
                        1,
                        1
                    ],
                    "weightHard": false,
                    "weightScale": [
                        4,
                        4,
                        4
                    ],
                    "mirrored": false,
                    "twinId": 18,
                    "pathable": false,
                    "flooded": false,
                    "mergeable": false,
                    "no_features": false
                },
                {
                    "proj": "BP_Bend",
                    "spec": "/pa/terrain/ice/brushes/ice_cliff_04.json",
                    "height": 701.8975830078125,
                    "op": "BO_Add",
                    "position": [
                        545.9114990234375,
                        82.94107055664062,
                        433.314697265625
                    ],
                    "transform": [
                        -1.0023614168167114,
                        0.31162944436073303,
                        0.9955391883850098,
                        545.9114990234375,
                        -0.2537718117237091,
                        -1.6387662887573242,
                        0.1512536108493805,
                        82.94107055664062,
                        1.3113996982574463,
                        -0.07892891764640808,
                        0.7902045845985413,
                        433.314697265625
                    ],
                    "scale": [
                        1.669999361038208,
                        1.669999361038208,
                        1.2799997329711914
                    ],
                    "rotation": 3.352485179901123,
                    "weight": [
                        1,
                        1,
                        1,
                        1
                    ],
                    "weightHard": false,
                    "weightScale": [
                        6,
                        6,
                        6
                    ],
                    "mirrored": false,
                    "twinId": 19,
                    "pathable": false,
                    "flooded": false,
                    "mergeable": false,
                    "no_features": false
                },
                {
                    "proj": "BP_Bend",
                    "spec": "/pa/terrain/ice/brushes/ice_cliff_04.json",
                    "height": 706.3729248046875,
                    "op": "BO_Add",
                    "position": [
                        437.9314880371094,
                        -99.8716049194336,
                        545.1644897460938
                    ],
                    "transform": [
                        0.4320708215236664,
                        0.6549422740936279,
                        0.6199721097946167,
                        437.9315185546875,
                        -0.7595381140708923,
                        0.6349108219146729,
                        -0.1413865089416504,
                        -99.8716049194336,
                        -0.48622700572013855,
                        -0.40980345010757446,
                        0.7717800140380859,
                        545.1644897460938
                    ],
                    "scale": [
                        1,
                        1,
                        1
                    ],
                    "rotation": 5.358654022216797,
                    "weight": [
                        1,
                        1,
                        1,
                        1
                    ],
                    "weightHard": false,
                    "weightScale": [
                        6,
                        6,
                        6
                    ],
                    "mirrored": false,
                    "twinId": 20,
                    "pathable": false,
                    "flooded": false,
                    "mergeable": false,
                    "no_features": false
                },
                {
                    "proj": "BP_Bend",
                    "spec": "/pa/terrain/ice/brushes/ice_cliff_03.json",
                    "height": 702.505615234375,
                    "op": "BO_Add",
                    "position": [
                        388.1168212890625,
                        439.46923828125,
                        386.9705810546875
                    ],
                    "transform": [
                        -0.0008041262626647949,
                        0.8335290551185608,
                        0.5524749159812927,
                        388.1167297363281,
                        -0.6604563593864441,
                        -0.41527652740478516,
                        0.6255738735198975,
                        439.4691467285156,
                        0.7508639097213745,
                        -0.3643825650215149,
                        0.5508435368537903,
                        386.9706726074219
                    ],
                    "scale": [
                        1,
                        1,
                        1
                    ],
                    "rotation": 4.440768241882324,
                    "weight": [
                        1,
                        1,
                        1,
                        1
                    ],
                    "weightHard": false,
                    "weightScale": [
                        5,
                        5,
                        5
                    ],
                    "mirrored": false,
                    "twinId": 21,
                    "pathable": false,
                    "flooded": false,
                    "mergeable": false,
                    "no_features": false
                },
                {
                    "proj": "BP_Bend",
                    "spec": "/pa/terrain/ice/brushes/ice_cliff_03.json",
                    "height": 701.9468994140625,
                    "op": "BO_Add",
                    "position": [
                        206.04592895507812,
                        -668.1385498046875,
                        62.170806884765625
                    ],
                    "transform": [
                        -0.36868956685066223,
                        -0.8819893598556519,
                        0.29353493452072144,
                        206.04595947265625,
                        -0.02724096179008484,
                        -0.3053935468196869,
                        -0.9518364071846008,
                        -668.138671875,
                        0.929153323173523,
                        -0.3589283227920532,
                        0.08856915682554245,
                        62.17084884643555
                    ],
                    "scale": [
                        1,
                        1,
                        1
                    ],
                    "rotation": 2.23856782913208,
                    "weight": [
                        1,
                        1,
                        1,
                        1
                    ],
                    "weightHard": false,
                    "weightScale": [
                        5,
                        5,
                        5
                    ],
                    "mirrored": false,
                    "twinId": 22,
                    "pathable": false,
                    "flooded": false,
                    "mergeable": false,
                    "no_features": false
                },
                {
