{
    "name": "Crackle 1v1",
    "description": "Fight around the lava cracks for the bountiful resources present.  Some expansions are more safe but have less resources, and others are more dangerous for greater reward.",
    "creator": "Dreadnought",
    "version": "1.3",
    "planets": [
        {
            "name": "Crackle",
            "mass": 10000,
            "position_x": 36600,
            "position_y": -5500,
            "velocity_x": 17.27238655090332,
            "velocity_y": 114.9399185180664,
            "required_thrust_to_move": 0,
            "starting_planet": true,
            "respawn": false,
            "start_destroyed": false,
            "min_spawn_delay": 0,
            "max_spawn_delay": 0,
            "planetCSG": [
                {
                    "proj": "BP_Bend",
                    "spec": "/pa/terrain/lava/brushes/lava_volcano_04.json",
                    "height": 525.4532470703125,
                    "op": "BO_Add",
                    "position": [
                        242.52984619140625,
                        64.5146484375,
                        -461.6473388671875
                    ],
                    "transform": [
                        -0.5280991792678833,
                        -0.32668307423591614,
                        0.39232856035232544,
                        242.52976989746094,
                        -0.32668307423591614,
                        0.6131001710891724,
                        0.10436215996742249,
                        64.51463317871094,
                        -0.3230941593647003,
                        -0.08594533056020737,
                        -0.7467845678329468,
                        -461.6474914550781
                    ],
                    "scale": [
                        0.7000001668930054,
                        0.7000001668930054,
                        0.8500000238418579
                    ],
                    "rotation": 0,
                    "weight": [
                        0,
                        0,
                        0,
                        0
                    ],
                    "weightHard": false,
                    "weightScale": [
                        1,
                        1,
                        1
                    ],
                    "mirrored": false,
                    "twinId": 1,
                    "pathable": false,
                    "flooded": false,
                    "mergeable": false,
                    "no_features": false
                },
                {
                    "proj": "BP_Bend",
                    "spec": "/pa/terrain/lava/brushes/lava_volcano_04.json",
                    "height": 525.4532470703125,
                    "op": "BO_Add",
                    "position": [
                        242.52984619140625,
                        64.5146484375,
                        -461.6473388671875
                    ],
                    "transform": [
                        -0.5280991792678833,
                        -0.32668307423591614,
                        0.39232856035232544,
                        242.52976989746094,
                        -0.32668307423591614,
                        0.6131001710891724,
                        0.10436215996742249,
                        64.51463317871094,
                        0.3230941593647003,
                        0.08594533056020737,
                        0.7467845678329468,
                        461.6474914550781
                    ],
                    "scale": [
                        0.7000001668930054,
                        0.7000001668930054,
                        0.8500000238418579
                    ],
                    "rotation": 0,
                    "weight": [
                        0,
                        0,
                        0,
                        0
                    ],
                    "weightHard": false,
                    "weightScale": [
                        1,
                        1,
                        1
                    ],
                    "mirrored": true,
                    "twinId": 1,
                    "pathable": false,
                    "flooded": false,
                    "mergeable": false,
                    "no_features": false
                },
                {
                    "proj": "BP_Bend",
                    "spec": "/pa/terrain/lava/brushes/lava_volcano_01.json",
                    "height": 500.43701171875,
                    "op": "BO_Add",
                    "position": [
                        93.08908081054688,
                        511.9189453125,
                        11.318870544433594
                    ],
                    "transform": [
                        0.9823351502418518,
                        -0.05499251186847687,
                        0.1788671314716339,
                        89.51173400878906,
                        -0.1773083209991455,
                        0.032065749168395996,
                        0.9836328625679016,
                        492.24627685546875,
                        -0.059827953577041626,
                        -0.9979718327522278,
                        0.021748661994934082,
                        10.883835792541504
                    ],
                    "scale": [
                        1,
                        1,
                        1
                    ],
                    "rotation": -0.12000001966953278,
                    "weight": [
                        0,
                        0,
                        0,
                        0
                    ],
                    "weightHard": false,
                    "weightScale": [
                        1,
                        1,
                        1
                    ],
                    "mirrored": false,
                    "twinId": 0,
                    "pathable": false,
                    "flooded": false,
                    "mergeable": false,
                    "no_features": false
                },
                {
                    "proj": "BP_Bend",
                    "spec": "/pa/terrain/lava/brushes/lava_plateau_14.json",
                    "height": 519.7274780273438,
                    "op": "BO_Add",
                    "position": [
                        50.97822189331055,
                        516.033935546875,
                        35.025665283203125
                    ],
                    "transform": [
                        0.9909864664077759,
                        -0.09124048054218292,
                        0.09808645397424698,
                        50.97822570800781,
                        -0.09124048054218292,
                        0.07640582323074341,
                        0.9928935170173645,
                        516.0340576171875,
                        -0.09808645397424698,
                        -0.9928935170173645,
                        0.06739228963851929,
                        35.0256233215332
                    ],
                    "scale": [
                        1,
                        1,
                        1
                    ],
                    "rotation": 0,
                    "weight": [
                        0,
                        0,
                        0,
                        0
                    ],
                    "weightHard": false,
                    "weightScale": [
                        1,
                        1,
                        1
                    ],
                    "mirrored": false,
                    "twinId": 17,
                    "pathable": false,
                    "flooded": false,
                    "mergeable": false,
                    "no_features": false
                },
                {
                    "proj": "BP_Bend",
                    "spec": "/pa/terrain/lava/brushes/lava_plateau_14.json",
                    "height": 519.7274780273438,
                    "op": "BO_Add",
                    "position": [
                        50.97822189331055,
                        516.033935546875,
                        35.025665283203125
                    ],
                    "transform": [
                        0.9909864664077759,
                        -0.09124048054218292,
                        0.09808645397424698,
                        50.97822570800781,
                        -0.09124048054218292,
                        0.07640582323074341,
                        0.9928935170173645,
                        516.0340576171875,
                        0.09808645397424698,
                        0.9928935170173645,
                        -0.06739228963851929,
                        -35.0256233215332
                    ],
                    "scale": [
                        1,
                        1,
                        1
                    ],
                    "rotation": 0,
                    "weight": [
                        0,
                        0,
                        0,
                        0
                    ],
                    "weightHard": false,
                    "weightScale": [
                        1,
                        1,
                        1
                    ],
                    "mirrored": true,
                    "twinId": 17,
                    "pathable": false,
                    "flooded": false,
                    "mergeable": false,
                    "no_features": false
                },
                {
                    "proj": "BP_Bend",
                    "spec": "/pa/terrain/lava/brushes/lava_volcano_07.json",
                    "height": 524.7247924804688,
                    "op": "BO_Add",
                    "position": [
                        -523.5322265625,
                        -34.87506866455078,
                        5.8155670166015625
                    ],
                    "transform": [
                        0.015452086925506592,
                        -0.06558560580015182,
                        -0.9977273941040039,
                        -523.5322875976562,
                        -0.06558560580015182,
                        0.9956310391426086,
                        -0.06646355241537094,
                        -34.87507247924805,
                        0.9977273941040039,
                        0.06646355241537094,
                        0.011083126068115234,
                        5.815590858459473
                    ],
                    "scale": [
                        1,
                        1,
                        1
                    ],
                    "rotation": 0,
                    "weight": [
                        0,
                        0,
                        0,
                        0
                    ],
                    "weightHard": false,
                    "weightScale": [
                        1,
                        1,
                        1
                    ],
                    "mirrored": false,
                    "twinId": 18,
                    "pathable": false,
                    "flooded": false,
                    "mergeable": false,
                    "no_features": false
                },
                {
                    "proj": "BP_Bend",
                    "spec": "/pa/terrain/lava/brushes/lava_volcano_07.json",
                    "height": 524.7247924804688,
                    "op": "BO_Add",
                    "position": [
                        -523.5322265625,
                        -34.87506866455078,
                        5.8155670166015625
                    ],
                    "transform": [
                        0.015452086925506592,
                        -0.06558560580015182,
                        -0.9977273941040039,
                        -523.5322875976562,
                        -0.06558560580015182,
                        0.9956310391426086,
                        -0.06646355241537094,
                        -34.87507247924805,
                        -0.9977273941040039,
                        -0.06646355241537094,
                        -0.011083126068115234,
                        -5.815590858459473
                    ],
                    "scale": [
                        1,
                        1,
                        1
                    ],
                    "rotation": 0,
                    "weight": [
                        0,
                        0,
                        0,
                        0
                    ],
                    "weightHard": false,
                    "weightScale": [
                        1,
                        1,
                        1
                    ],
                    "mirrored": true,
                    "twinId": 18,
                    "pathable": false,
                    "flooded": false,
                    "mergeable": false,
                    "no_features": false
                },
                {
                    "proj": "BP_Bend",
                    "spec": "/pa/terrain/lava/brushes/lava_plateau_07.json",
                    "height": 524.8452758789062,
                    "op": "BO_Add",
                    "position": [
                        -507.97552490234375,
                        24.259536743164062,
                        129.74935913085938
                    ],
                    "transform": [
                        0.05829229578375816,
                        -0.244649738073349,
                        -0.9678576588630676,
                        -507.97552490234375,
                        0.9974271059036255,
                        0.05479567497968674,
                        0.0462222620844841,
                        24.259536743164062,
                        0.04172614961862564,
                        -0.9680619239807129,
                        0.2472144365310669,
                        129.74932861328125
                    ],
                    "scale": [
                        1,
                        1,
                        1
                    ],
                    "rotation": 1.4799991846084595,
                    "weight": [
                        0,
                        0,
                        0,
                        0
                    ],
                    "weightHard": false,
                    "weightScale": [
                        1,
                        1,
                        1
                    ],
                    "mirrored": false,
                    "twinId": 22,
                    "pathable": false,
                    "flooded": false,
                    "mergeable": false,
                    "no_features": false
                },
                {
                    "proj": "BP_Bend",
                    "spec": "/pa/terrain/lava/brushes/lava_plateau_07.json",
                    "height": 524.8452758789062,
                    "op": "BO_Add",
                    "position": [
                        -507.97552490234375,
                        24.259536743164062,
                        129.74935913085938
                    ],
                    "transform": [
                        0.05829229578375816,
                        -0.244649738073349,
                        -0.9678576588630676,
                        -507.9755554199219,
                        0.9974271059036255,
                        0.05479567497968674,
                        0.0462222620844841,
                        24.259538650512695,
                        -0.04172614961862564,
                        0.9680619239807129,
                        -0.2472144365310669,
                        -129.74932861328125
                    ],
                    "scale": [
                        1,
                        1,
                        1
                    ],
                    "rotation": 1.4799991846084595,
                    "weight": [
                        0,
                        0,
                        0,
                        0
                    ],
                    "weightHard": false,
                    "weightScale": [
                        1,
                        1,
                        1
                    ],
                    "mirrored": true,
                    "twinId": 22,
                    "pathable": false,
                    "flooded": false,
                    "mergeable": false,
                    "no_features": false
                },
                {
                    "proj": "BP_Bend",
                    "spec": "/pa/terrain/lava/brushes/lava_plateau_08.json",
                    "height": 525.2857666015625,
                    "op": "BO_Add",
                    "position": [
                        -509.4140625,
                        -105.14485931396484,
                        73.25985717773438
                    ],
                    "transform": [
                        0.17462939023971558,
                        -0.17035940289497375,
                        -0.969784677028656,
                        -509.4140930175781,
                        -0.17035940289497375,
                        0.9648371934890747,
                        -0.2001669704914093,
                        -105.14485931396484,
                        0.969784677028656,
                        0.2001669704914093,
                        0.13946658372879028,
                        73.25981140136719
                    ],
                    "scale": [
                        1,
                        1,
                        1
                    ],
                    "rotation": 0,
                    "weight": [
                        0,
                        0,
                        0,
                        0
                    ],
                    "weightHard": false,
                    "weightScale": [
                        1,
                        1,
                        1
                    ],
                    "mirrored": false,
                    "twinId": 23,
                    "pathable": false,
                    "flooded": false,
                    "mergeable": false,
                    "no_features": false
                },
                {
                    "proj": "BP_Bend",
                    "spec": "/pa/terrain/lava/brushes/lava_plateau_08.json",
                    "height": 525.2857666015625,
                    "op": "BO_Add",
                    "position": [
                        -509.4140625,
                        -105.14485931396484,
                        73.25985717773438
                    ],
                    "transform": [
                        0.17462939023971558,
                        -0.17035940289497375,
                        -0.969784677028656,
                        -509.4140930175781,
                        -0.17035940289497375,
                        0.9648371934890747,
                        -0.2001669704914093,
                        -105.14485931396484,
                        -0.969784677028656,
                        -0.2001669704914093,
                        -0.13946658372879028,
                        -73.25981140136719
                    ],
                    "scale": [
                        1,
                        1,
                        1
                    ],
                    "rotation": 0,
                    "weight": [
                        0,
                        0,
                        0,
                        0
                    ],
                    "weightHard": false,
                    "weightScale": [
                        1,
                        1,
                        1
                    ],
                    "mirrored": true,
                    "twinId": 23,
                    "pathable": false,
                    "flooded": false,
                    "mergeable": false,
                    "no_features": false
                },
                {
                    "proj": "BP_Bend",
                    "spec": "/pa/terrain/lava/brushes/lava_plateau_06.json",
                    "height": 525.38427734375,
                    "op": "BO_Add",
                    "position": [
                        -505.64569091796875,
                        -142.6034393310547,
                        -3.9124221801757812
                    ],
                    "transform": [
                        0.06677860021591187,
                        -0.2631893754005432,
                        -0.9624301791191101,
                        -505.64569091796875,
                        -0.2631893754005432,
                        0.9257746934890747,
                        -0.2714269161224365,
                        -142.6034393310547,
                        0.9624301791191101,
                        0.2714269161224365,
                        -0.007446765899658203,
                        -3.9124138355255127
                    ],
                    "scale": [
                        1,
                        1,
                        1
                    ],
                    "rotation": 0,
                    "weight": [
                        0,
                        0,
                        0,
                        0
                    ],
                    "weightHard": false,
                    "weightScale": [
                        1,
                        1,
                        1
                    ],
                    "mirrored": false,
                    "twinId": 25,
                    "pathable": false,
                    "flooded": false,
                    "mergeable": false,
                    "no_features": false
                },
                {
                    "proj": "BP_Bend",
                    "spec": "/pa/terrain/lava/brushes/lava_plateau_06.json",
                    "height": 525.38427734375,
                    "op": "BO_Add",
                    "position": [
                        -505.64569091796875,
                        -142.6034393310547,
                        -3.9124221801757812
                    ],
                    "transform": [
                        0.06677860021591187,
                        -0.2631893754005432,
                        -0.9624301791191101,
                        -505.64569091796875,
                        -0.2631893754005432,
                        0.9257746934890747,
                        -0.2714269161224365,
                        -142.6034393310547,
                        -0.9624301791191101,
                        -0.2714269161224365,
                        0.007446765899658203,
                        3.912414073944092
                    ],
                    "scale": [
                        1,
                        1,
                        1
                    ],
                    "rotation": 0,
                    "weight": [
                        0,
                        0,
                        0,
                        0
                    ],
                    "weightHard": false,
                    "weightScale": [
                        1,
                        1,
                        1
                    ],
                    "mirrored": true,
                    "twinId": 25,
                    "pathable": false,
                    "flooded": false,
                    "mergeable": false,
                    "no_features": false
                },
                {
                    "proj": "BP_Bend",
                    "spec": "/pa/terrain/lava/brushes/lava_plateau_06.json",
                    "height": 524.416748046875,
                    "op": "BO_Add",
                    "position": [
                        -494.529052734375,
                        -65.01699829101562,
                        -161.94677734375
                    ],
                    "transform": [
                        -0.24275414645671844,
                        -0.22761143743991852,
                        -0.9430077075958252,
                        -494.5290222167969,
                        -0.37844884395599365,
                        0.9172815680503845,
                        -0.12397964298725128,
                        -65.01699829101562,
                        0.8932227492332458,
                        0.32678359746932983,
                        -0.308813214302063,
                        -161.9468231201172
                    ],
                    "scale": [
                        1,
                        1,
                        1
                    ],
                    "rotation": -0.21999996900558472,
                    "weight": [
                        0,
                        0,
                        0,
                        0
                    ],
                    "weightHard": false,
                    "weightScale": [
                        1,
                        1,
                        1
                    ],
                    "mirrored": false,
                    "twinId": 26,
                    "pathable": false,
                    "flooded": false,
                    "mergeable": false,
                    "no_features": false
                },
                {
                    "proj": "BP_Bend",
                    "spec": "/pa/terrain/lava/brushes/lava_plateau_06.json",
                    "height": 524.416748046875,
                    "op": "BO_Add",
                    "position": [
                        -494.529052734375,
                        -65.01699829101562,
                        -161.94677734375
                    ],
                    "transform": [
                        -0.24275414645671844,
                        -0.22761143743991852,
                        -0.9430077075958252,
                        -494.5290222167969,
                        -0.37844884395599365,
                        0.9172815680503845,
                        -0.12397964298725128,
                        -65.01699829101562,
                        -0.8932227492332458,
                        -0.32678359746932983,
                        0.308813214302063,
                        161.9468231201172
                    ],
                    "scale": [
                        1,
                        1,
                        1
                    ],
                    "rotation": -0.21999996900558472,
                    "weight": [
                        0,
                        0,
                        0,
                        0
                    ],
                    "weightHard": false,
                    "weightScale": [
                        1,
                        1,
                        1
                    ],
                    "mirrored": true,
                    "twinId": 26,
                    "pathable": false,
                    "flooded": false,
                    "mergeable": false,
                    "no_features": false
                },
                {
                    "proj": "BP_Bend",
                    "spec": "/pa/terrain/lava/brushes/lava_plateau_06.json",
                    "height": 524.7745361328125,
                    "op": "BO_Add",
                    "position": [
                        -515.7908935546875,
                        52.786842346191406,
                        -81.00404357910156
                    ],
                    "transform": [
                        -0.1732325702905655,
                        0.06273488700389862,
                        -0.9828808307647705,
                        -515.7908325195312,
                        -0.21927523612976074,
                        0.9704638719558716,
                        0.1005895584821701,
                        52.78683853149414,
                        0.9601608514785767,
                        0.23294678330421448,
                        -0.15435969829559326,
                        -81.00403594970703
                    ],
                    "scale": [
                        1,
                        1,
                        1
                    ],
                    "rotation": -0.3400000035762787,
                    "weight": [
                        0,
                        0,
                        0,
                        0
                    ],
                    "weightHard": false,
                    "weightScale": [
                        1,
                        1,
                        1
                    ],
                    "mirrored": false,
                    "twinId": 27,
                    "pathable": false,
                    "flooded": false,
                    "mergeable": false,
                    "no_features": false
                },
                {
                    "proj": "BP_Bend",
                    "spec": "/pa/terrain/lava/brushes/lava_plateau_06.json",
                    "height": 524.7745361328125,
                    "op": "BO_Add",
                    "position": [
                        -515.7908935546875,
                        52.786842346191406,
                        -81.00404357910156
                    ],
                    "transform": [
                        -0.1732325702905655,
                        0.06273488700389862,
                        -0.9828808307647705,
                        -515.7908325195312,
                        -0.21927523612976074,
                        0.9704638719558716,
                        0.1005895584821701,
                        52.786842346191406,
                        -0.9601608514785767,
                        -0.23294678330421448,
                        0.15435969829559326,
                        81.00403594970703
                    ],
                    "scale": [
                        1,
                        1,
                        1
                    ],
                    "rotation": -0.3400000035762787,
                    "weight": [
                        0,
                        0,
                        0,
                        0
                    ],
                    "weightHard": false,
                    "weightScale": [
                        1,
                        1,
                        1
                    ],
                    "mirrored": true,
                    "twinId": 27,
                    "pathable": false,
                    "flooded": false,
                    "mergeable": false,
                    "no_features": false
                },
                {
                    "proj": "BP_Bend",
                    "spec": "/pa/terrain/lava/brushes/lava_crack_01.json",
                    "height": 524.5984497070312,
                    "op": "BO_Subtract",
                    "position": [
                        -512.091064453125,
                        -34.51997375488281,
                        -108.51116943359375
                    ],
                    "transform": [
                        -0.0718802735209465,
                        -0.03582345321774483,
                        -0.7321186065673828,
                        -512.091064453125,
                        -0.0592757984995842,
                        0.364408940076828,
                        -0.049351997673511505,
                        -34.51997375488281,
                        0.3580780327320099,
                        0.053132638335227966,
                        -0.15513449907302856,
                        -108.51109313964844
                    ],
                    "scale": [
                        0.37000036239624023,
                        0.37000036239624023,
                        0.75
                    ],
                    "rotation": -0.07999999821186066,
                    "weight": [
                        0,
                        0,
                        0,
                        0
                    ],
                    "weightHard": false,
                    "weightScale": [
                        1,
                        1,
                        1
                    ],
                    "mirrored": false,
                    "twinId": 28,
                    "pathable": false,
                    "flooded": false,
                    "mergeable": false,
                    "no_features": true
                },
                {
                    "proj": "BP_Bend",
                    "spec": "/pa/terrain/lava/brushes/lava_crack_01.json",
                    "height": 524.5984497070312,
                    "op": "BO_Subtract",
                    "position": [
                        -512.091064453125,
                        -34.51997375488281,
                        -108.51116943359375
                    ],
                    "transform": [
                        -0.0718802735209465,
                        -0.03582345321774483,
                        -0.7321186065673828,
                        -512.091064453125,
                        -0.0592757984995842,
                        0.364408940076828,
                        -0.049351997673511505,
                        -34.51997375488281,
                        -0.3580780327320099,
                        -0.053132638335227966,
                        0.15513449907302856,
                        108.51109313964844
                    ],
                    "scale": [
                        0.37000036239624023,
                        0.37000036239624023,
                        0.75
                    ],
                    "rotation": -0.07999999821186066,
                    "weight": [
                        0,
                        0,
                        0,
                        0
                    ],
                    "weightHard": false,
                    "weightScale": [
                        1,
                        1,
                        1
                    ],
                    "mirrored": true,
                    "twinId": 28,
                    "pathable": false,
                    "flooded": false,
                    "mergeable": false,
                    "no_features": true
                },
                {
                    "proj": "BP_Bend",
                    "spec": "/pa/terrain/lava/brushes/lava_crack_01.json",
                    "height": 524.8391723632812,
                    "op": "BO_Subtract",
                    "position": [
                        -524.0158081054688,
                        -29.326980590820312,
                        1.8769989013671875
                    ],
                    "transform": [
                        -0.020420365035533905,
                        0.0034943942446261644,
                        -0.7488234639167786,
                        -524.015869140625,
                        0.3593975007534027,
                        -0.08547663688659668,
                        -0.04190852493047714,
                        -29.326982498168945,
                        -0.08553780615329742,
                        -0.35997477173805237,
                        0.0026821643114089966,
                        1.8769398927688599
                    ],
                    "scale": [
                        0.37000036239624023,
                        0.37000036239624023,
                        0.75
                    ],
                    "rotation": 1.8599988222122192,
                    "weight": [
                        0,
                        0,
                        0,
                        0
                    ],
                    "weightHard": false,
                    "weightScale": [
                        1,
                        1,
                        1
                    ],
                    "mirrored": false,
                    "twinId": 29,
                    "pathable": false,
                    "flooded": false,
                    "mergeable": false,
                    "no_features": true
                },
                {
                    "proj": "BP_Bend",
                    "spec": "/pa/terrain/lava/brushes/lava_crack_01.json",
                    "height": 524.8391723632812,
                    "op": "BO_Subtract",
                    "position": [
                        -524.0158081054688,
                        -29.326980590820312,
                        1.8769989013671875
                    ],
                    "transform": [
                        -0.020420365035533905,
                        0.0034943942446261644,
                        -0.7488234639167786,
                        -524.015869140625,
                        0.3593975007534027,
                        -0.08547663688659668,
                        -0.04190852493047714,
                        -29.326980590820312,
                        0.08553780615329742,
                        0.35997477173805237,
                        -0.0026821643114089966,
                        -1.8769398927688599
                    ],
                    "scale": [
                        0.37000036239624023,
                        0.37000036239624023,
                        0.75
                    ],
                    "rotation": 1.8599988222122192,
                    "weight": [
                        0,
                        0,
                        0,
                        0
                    ],
                    "weightHard": false,
                    "weightScale": [
                        1,
                        1,
                        1
                    ],
                    "mirrored": true,
                    "twinId": 29,
                    "pathable": false,
                    "flooded": false,
                    "mergeable": false,
                    "no_features": true
                },
                {
                    "proj": "BP_Bend",
                    "spec": "/pa/terrain/lava/brushes/lava_crack_04.json",
                    "height": 525.1199951171875,
                    "op": "BO_Subtract",
                    "position": [
                        -52.753604888916016,
                        -484.153564453125,
                        196.37570190429688
                    ],
                    "transform": [
                        1.1303952932357788,
                        0.49425435066223145,
                        -0.06027605012059212,
                        -52.753597259521484,
                        -0.2924853265285492,
                        0.3807902932167053,
                        -0.5531919598579407,
                        -484.153564453125,
                        -0.41744160652160645,
                        1.0715923309326172,
                        0.2243780940771103,
                        196.37570190429688
                    ],
                    "scale": [
                        1.2399994134902954,
                        1.2399994134902954,
                        0.6000000238418579
                    ],
                    "rotation": -0.4800000786781311,
                    "weight": [
                        0,
                        0,
                        0,
                        0
                    ],
                    "weightHard": false,
                    "weightScale": [
                        1,
                        1,
                        1
                    ],
                    "mirrored": false,
                    "twinId": 30,
                    "pathable": false,
                    "flooded": false,
                    "mergeable": false,
