{
    "name": "Rustad 1v1-3v3",
    "description": " A former city that's been flooded and now slowly being consumed by rust, water, and sand.  Pillage the city for all its old wealth before the enemy does. Take multiple directions, one with close bridges for land rushes, and three naval expansions.  Beware the trenches that block amphibious assaults  from dox and slammers. Supports 1v1/2v2/3v3 shared with 1 spawn only, and 1v1/2v2/3v3 with separate spawns",
    "creator": "Dreadnought",
    "version": "1.24",
    "planets": [
        {
            "name": "Rustad",
            "mass": 35000,
            "position_x": 27700,
            "position_y": 1300,
            "velocity_x": -6.294952869415283,
            "velocity_y": 134.13079833984375,
            "required_thrust_to_move": 0,
            "starting_planet": true,
            "respawn": false,
            "start_destroyed": false,
            "min_spawn_delay": 0,
            "max_spawn_delay": 0,
            "planetCSG": [
                {
                    "spec": "/pa/terrain/metal/brushes/metal_cap_01.json",
                    "proj": "BP_Bend",
                    "op": "BO_Add",
                    "position": [
                        0,
                        0,
                        675
                    ],
                    "height": 675,
                    "transform": [
                        1,
                        0,
                        0,
                        0,
                        0,
                        1,
                        0,
                        0,
                        0,
                        0,
                        1,
                        675
                    ],
                    "scale": [
                        1,
                        1,
                        1
                    ],
                    "rotation": 0,
                    "weight": [
                        1,
                        1,
                        1,
                        1
                    ],
                    "weightHard": true,
                    "weightScale": [
                        1,
                        1,
                        1
                    ],
                    "mirrored": false,
                    "twinId": 0,
                    "flooded": false,
                    "pathable": false,
                    "mergeable": false,
                    "no_features": false
                },
                {
                    "spec": "/pa/terrain/metal/brushes/metal_cap_01_sub.json",
                    "proj": "BP_Bend",
                    "op": "BO_Subtract",
                    "position": [
                        0,
                        0,
                        675
                    ],
                    "height": 675,
                    "transform": [
                        1,
                        0,
                        0,
                        0,
                        0,
                        1,
                        0,
                        0,
                        0,
                        0,
                        1,
                        675
                    ],
                    "scale": [
                        1,
                        1,
                        1
                    ],
                    "rotation": 0,
                    "weight": [
                        0,
                        0,
                        0,
                        0
                    ],
                    "weightHard": false,
                    "weightScale": [
                        1,
                        1,
                        1
                    ],
                    "mirrored": false,
                    "twinId": 0,
                    "flooded": true,
                    "pathable": false,
                    "mergeable": false,
                    "no_features": true
                },
                {
                    "spec": "/pa/terrain/metal/brushes/metal_cap_01_add.json",
                    "proj": "BP_Bend",
                    "op": "BO_Add",
                    "position": [
                        0,
                        0,
                        675
                    ],
                    "height": 675,
                    "transform": [
                        1,
                        0,
                        0,
                        0,
                        0,
                        1,
                        0,
                        0,
                        0,
                        0,
                        1,
                        675
                    ],
                    "scale": [
                        1,
                        1,
                        1
                    ],
                    "rotation": 0,
                    "weight": [
                        0,
                        0,
                        0,
                        0
                    ],
                    "weightHard": false,
                    "weightScale": [
                        1,
                        1,
                        1
                    ],
                    "mirrored": false,
                    "twinId": 0,
                    "flooded": false,
                    "pathable": false,
                    "mergeable": false,
                    "no_features": false
                },
                {
                    "spec": "/pa/terrain/metal/brushes/metal_cap_01_add.json",
                    "proj": "BP_Bend",
                    "op": "BO_Add",
                    "position": [
                        0,
                        0,
                        675
                    ],
                    "height": 675,
                    "transform": [
                        0.30901697278022766,
                        -0.9510565400123596,
                        0,
                        0,
                        0.9510565400123596,
                        0.30901697278022766,
                        0,
                        0,
                        0,
                        0,
                        1,
                        675
                    ],
                    "scale": [
                        1,
                        1,
                        1
                    ],
                    "rotation": 1.2566370964050293,
                    "weight": [
                        0,
                        0,
                        0,
                        0
                    ],
                    "weightHard": false,
                    "weightScale": [
                        1,
                        1,
                        1
                    ],
                    "mirrored": false,
                    "twinId": 0,
                    "flooded": false,
                    "pathable": false,
                    "mergeable": false,
                    "no_features": false
                },
                {
                    "spec": "/pa/terrain/metal/brushes/metal_cap_01_add.json",
                    "proj": "BP_Bend",
                    "op": "BO_Add",
                    "position": [
                        0,
                        0,
                        675
                    ],
                    "height": 675,
                    "transform": [
                        -0.8090170621871948,
                        -0.5877851843833923,
                        0,
                        0,
                        0.5877851843833923,
                        -0.8090170621871948,
                        0,
                        0,
                        0,
                        0,
                        1,
                        675
                    ],
                    "scale": [
                        1,
                        1,
                        1
                    ],
                    "rotation": 2.5132741928100586,
                    "weight": [
                        0,
                        0,
                        0,
                        0
                    ],
                    "weightHard": false,
                    "weightScale": [
                        1,
                        1,
                        1
                    ],
                    "mirrored": false,
                    "twinId": 0,
                    "flooded": false,
                    "pathable": false,
                    "mergeable": false,
                    "no_features": false
                },
                {
                    "spec": "/pa/terrain/metal/brushes/metal_cap_01_add.json",
                    "proj": "BP_Bend",
                    "op": "BO_Add",
                    "position": [
                        0,
                        0,
                        675
                    ],
                    "height": 675,
                    "transform": [
                        -0.8090170621871948,
                        0.5877851247787476,
                        0,
                        0,
                        -0.5877851247787476,
                        -0.8090170621871948,
                        0,
                        0,
                        0,
                        0,
                        1,
                        675
                    ],
                    "scale": [
                        1,
                        1,
                        1
                    ],
                    "rotation": 3.769911050796509,
                    "weight": [
                        0,
                        0,
                        0,
                        0
                    ],
                    "weightHard": false,
                    "weightScale": [
                        1,
                        1,
                        1
                    ],
                    "mirrored": false,
                    "twinId": 0,
                    "flooded": false,
                    "pathable": false,
                    "mergeable": false,
                    "no_features": false
                },
                {
                    "spec": "/pa/terrain/metal/brushes/metal_cap_01_add.json",
                    "proj": "BP_Bend",
                    "op": "BO_Add",
                    "position": [
                        0,
                        0,
                        675
                    ],
                    "height": 675,
                    "transform": [
                        0.3090171217918396,
                        0.9510564804077148,
                        0,
                        0,
                        -0.9510564804077148,
                        0.3090171217918396,
                        0,
                        0,
                        0,
                        0,
                        1,
                        675
                    ],
                    "scale": [
                        1,
                        1,
                        1
                    ],
                    "rotation": 5.026548385620117,
                    "weight": [
                        0,
                        0,
                        0,
                        0
                    ],
                    "weightHard": false,
                    "weightScale": [
                        1,
                        1,
                        1
                    ],
                    "mirrored": false,
                    "twinId": 0,
                    "flooded": false,
                    "pathable": false,
                    "mergeable": false,
                    "no_features": false
                },
                {
                    "spec": "/pa/terrain/metal/brushes/metal_weapon_platforms.json",
                    "proj": "BP_Bend",
                    "op": "BO_Add",
                    "position": [
                        0,
                        0,
                        675
                    ],
                    "height": 675,
                    "transform": [
                        1,
                        0,
                        0,
                        0,
                        0,
                        1,
                        0,
                        0,
                        0,
                        0,
                        1,
                        675
                    ],
                    "scale": [
                        1,
                        1,
                        1
                    ],
                    "rotation": 0,
                    "weight": [
                        1,
                        1,
                        1,
                        1
                    ],
                    "weightHard": true,
                    "weightScale": [
                        1,
                        1,
                        1
                    ],
                    "mirrored": false,
                    "twinId": 0,
                    "flooded": false,
                    "pathable": false,
                    "mergeable": false,
                    "no_features": false
                },
                {
                    "spec": "/pa/terrain/metal/brushes/metal_trench_11.json",
                    "proj": "BP_LongitudePinch",
                    "op": "BO_Add",
                    "position": [
                        477.29705810546875,
                        477.29705810546875,
                        0
                    ],
                    "height": 675,
                    "transform": [
                        0.7071067690849304,
                        5.960464477539063e-8,
                        0.7071067094802856,
                        477.2970275878906,
                        -0.7071067690849304,
                        5.960464477539063e-8,
                        0.7071067094802856,
                        477.2970275878906,
                        0,
                        -0.9999998807907104,
                        1.1920928955078125e-7,
                        0.00008046627044677734
                    ],
                    "scale": [
                        1,
                        1,
                        1
                    ],
                    "rotation": -0.7853981852531433,
                    "weight": [
                        1,
                        1,
                        1,
                        1
                    ],
                    "weightHard": true,
                    "weightScale": [
                        1,
                        1,
                        1
                    ],
                    "mirrored": false,
                    "twinId": 0,
                    "flooded": false,
                    "pathable": false,
                    "mergeable": false,
                    "no_features": false
                },
                {
                    "spec": "/pa/terrain/metal/brushes/metal_trench_11_sub.json",
                    "proj": "BP_LongitudePinch",
                    "op": "BO_Subtract",
                    "position": [
                        479.3374938964844,
                        482.18048095703125,
                        -1.543954849243164
                    ],
                    "height": 677.9005737304688,
                    "transform": [
                        0.7091960310935974,
                        0.0004958510398864746,
                        0.7050111293792725,
                        477.9274597167969,
                        -0.7050051093101501,
                        -0.003695070743560791,
                        0.7091925740242004,
                        480.7620544433594,
                        0.0029567182064056396,
                        -0.9999929666519165,
                        -0.002270936965942383,
                        -1.5394694805145264
                    ],
                    "scale": [
                        1,
                        1,
                        1
                    ],
                    "rotation": -0.7853981852531433,
                    "weight": [
                        0,
                        0,
                        0,
                        0
                    ],
                    "weightHard": false,
                    "weightScale": [
                        1,
                        1,
                        1
                    ],
                    "mirrored": false,
                    "twinId": 0,
                    "flooded": true,
                    "pathable": true,
                    "mergeable": true,
                    "no_features": false
                },
                {
                    "spec": "/pa/terrain/metal/brushes/metal_trench_11_add.json",
                    "proj": "BP_LongitudePinch",
                    "op": "BO_Add",
                    "position": [
                        477.29705810546875,
                        477.29705810546875,
                        0.00008046627772273496
                    ],
                    "height": 675,
                    "transform": [
                        0.7071067690849304,
                        1.7881393432617188e-7,
                        0.7071067094802856,
                        477.2970275878906,
                        -0.7071067690849304,
                        1.7881393432617188e-7,
                        0.7071067094802856,
                        477.2970275878906,
                        0,
                        -0.9999998807907104,
                        2.384185791015625e-7,
                        0.0001609325408935547
                    ],
                    "scale": [
                        1,
                        1,
                        1
                    ],
                    "rotation": -0.7853981852531433,
                    "weight": [
                        0,
                        0,
                        0,
                        0
                    ],
                    "weightHard": false,
                    "weightScale": [
                        1,
                        1,
                        1
                    ],
                    "mirrored": false,
                    "twinId": 0,
                    "flooded": false,
                    "pathable": true,
                    "mergeable": false,
                    "no_features": false
                },
                {
                    "spec": "/pa/terrain/metal/brushes/metal_trench_11.json",
                    "proj": "BP_LongitudePinch",
                    "op": "BO_Add",
                    "position": [
                        -477.29705810546875,
                        -477.29705810546875,
                        0
                    ],
                    "height": 675,
                    "transform": [
                        0.7071067690849304,
                        5.960464477539063e-8,
                        -0.7071067094802856,
                        -477.2970275878906,
                        -0.7071067690849304,
                        5.960464477539063e-8,
                        -0.7071067094802856,
                        -477.2970275878906,
                        0,
                        0.9999998807907104,
                        1.1920928955078125e-7,
                        0.00008046627044677734
                    ],
                    "scale": [
                        1,
                        1,
                        1
                    ],
                    "rotation": -0.7853981852531433,
                    "weight": [
                        1,
                        1,
                        1,
                        1
                    ],
                    "weightHard": true,
                    "weightScale": [
                        1,
                        1,
                        1
                    ],
                    "mirrored": false,
                    "twinId": 0,
                    "flooded": false,
                    "pathable": false,
                    "mergeable": false,
                    "no_features": false
                },
                {
                    "spec": "/pa/terrain/metal/brushes/metal_trench_11_sub.json",
                    "proj": "BP_LongitudePinch",
                    "op": "BO_Subtract",
                    "position": [
                        -477.29705810546875,
                        -477.29705810546875,
                        0.00008046627772273496
                    ],
                    "height": 675,
                    "transform": [
                        0.7071067690849304,
                        1.7881393432617188e-7,
                        -0.7071067094802856,
                        -477.2970275878906,
                        -0.7071067690849304,
                        1.7881393432617188e-7,
                        -0.7071067094802856,
                        -477.2970275878906,
                        0,
                        0.9999998807907104,
                        2.384185791015625e-7,
                        0.0001609325408935547
                    ],
                    "scale": [
                        1,
                        1,
                        1
                    ],
                    "rotation": -0.7853981852531433,
                    "weight": [
                        0,
                        0,
                        0,
                        0
                    ],
                    "weightHard": false,
                    "weightScale": [
                        1,
                        1,
                        1
                    ],
                    "mirrored": false,
                    "twinId": 0,
                    "flooded": true,
                    "pathable": true,
                    "mergeable": false,
                    "no_features": true
                },
                {
                    "spec": "/pa/terrain/metal/brushes/metal_trench_11_add.json",
                    "proj": "BP_LongitudePinch",
                    "op": "BO_Add",
                    "position": [
                        -477.29705810546875,
                        -477.29705810546875,
                        0.00008046627772273496
                    ],
                    "height": 675,
                    "transform": [
                        0.7071067690849304,
                        1.7881393432617188e-7,
                        -0.7071067094802856,
                        -477.2970275878906,
                        -0.7071067690849304,
                        1.7881393432617188e-7,
                        -0.7071067094802856,
                        -477.2970275878906,
                        0,
                        0.9999998807907104,
                        2.384185791015625e-7,
                        0.0001609325408935547
                    ],
                    "scale": [
                        1,
                        1,
                        1
                    ],
                    "rotation": -0.7853981852531433,
                    "weight": [
                        0,
                        0,
                        0,
                        0
                    ],
                    "weightHard": false,
                    "weightScale": [
                        1,
                        1,
                        1
                    ],
                    "mirrored": false,
                    "twinId": 0,
                    "flooded": false,
                    "pathable": true,
                    "mergeable": false,
                    "no_features": false
                },
                {
                    "spec": "/pa/terrain/metal/brushes/metal_trench_11.json",
                    "proj": "BP_LongitudePinch",
                    "op": "BO_Add",
                    "position": [
                        477.29705810546875,
                        -477.29705810546875,
                        0
                    ],
                    "height": 675,
                    "transform": [
                        0.7071067690849304,
                        -5.960464477539063e-8,
                        0.7071067094802856,
                        477.2970275878906,
                        0.7071067690849304,
                        5.960464477539063e-8,
                        -0.7071067094802856,
                        -477.2970275878906,
                        0,
                        0.9999998807907104,
                        1.1920928955078125e-7,
                        0.00008046627044677734
                    ],
                    "scale": [
                        1,
                        1,
                        1
                    ],
                    "rotation": 0.7853981852531433,
                    "weight": [
                        1,
                        1,
                        1,
                        1
                    ],
                    "weightHard": true,
                    "weightScale": [
                        1,
                        1,
                        1
                    ],
                    "mirrored": false,
                    "twinId": 0,
                    "flooded": false,
                    "pathable": false,
                    "mergeable": false,
                    "no_features": false
                },
                {
                    "spec": "/pa/terrain/metal/brushes/metal_trench_11_sub.json",
                    "proj": "BP_LongitudePinch",
                    "op": "BO_Subtract",
                    "position": [
                        477.29705810546875,
                        -477.29705810546875,
                        0.00008046627772273496
                    ],
                    "height": 675,
                    "transform": [
                        0.7071067690849304,
                        -1.7881393432617188e-7,
                        0.7071067094802856,
                        477.2970275878906,
                        0.7071067690849304,
                        1.7881393432617188e-7,
                        -0.7071067094802856,
                        -477.2970275878906,
                        0,
                        0.9999998807907104,
                        2.384185791015625e-7,
                        0.0001609325408935547
                    ],
                    "scale": [
                        1,
                        1,
                        1
                    ],
                    "rotation": 0.7853981852531433,
                    "weight": [
                        0,
                        0,
                        0,
                        0
                    ],
                    "weightHard": false,
                    "weightScale": [
                        1,
                        1,
                        1
                    ],
                    "mirrored": false,
                    "twinId": 0,
                    "flooded": true,
                    "pathable": true,
                    "mergeable": false,
                    "no_features": true
                },
                {
                    "spec": "/pa/terrain/metal/brushes/metal_trench_11_add.json",
                    "proj": "BP_LongitudePinch",
                    "op": "BO_Add",
                    "position": [
                        477.29705810546875,
                        -477.29705810546875,
                        0.00008046627772273496
                    ],
                    "height": 675,
                    "transform": [
                        0.7071067690849304,
                        -1.7881393432617188e-7,
                        0.7071067094802856,
                        477.2970275878906,
                        0.7071067690849304,
                        1.7881393432617188e-7,
                        -0.7071067094802856,
                        -477.2970275878906,
                        0,
                        0.9999998807907104,
                        2.384185791015625e-7,
                        0.0001609325408935547
                    ],
                    "scale": [
                        1,
                        1,
                        1
                    ],
                    "rotation": 0.7853981852531433,
                    "weight": [
                        0,
                        0,
                        0,
                        0
                    ],
                    "weightHard": false,
                    "weightScale": [
                        1,
                        1,
                        1
                    ],
                    "mirrored": false,
                    "twinId": 0,
                    "flooded": false,
                    "pathable": true,
                    "mergeable": false,
                    "no_features": false
                },
                {
                    "spec": "/pa/terrain/metal/brushes/metal_trench_11.json",
                    "proj": "BP_LongitudePinch",
                    "op": "BO_Add",
                    "position": [
                        -477.29705810546875,
                        477.29705810546875,
                        0
                    ],
                    "height": 675,
                    "transform": [
                        0.7071067690849304,
                        -5.960464477539063e-8,
                        -0.7071067094802856,
                        -477.2970275878906,
                        0.7071067690849304,
                        5.960464477539063e-8,
                        0.7071067094802856,
                        477.2970275878906,
                        0,
                        -0.9999998807907104,
                        1.1920928955078125e-7,
                        0.00008046627044677734
                    ],
                    "scale": [
                        1,
                        1,
                        1
                    ],
                    "rotation": 0.7853981852531433,
                    "weight": [
                        1,
                        1,
                        1,
                        1
                    ],
                    "weightHard": true,
                    "weightScale": [
                        1,
                        1,
                        1
                    ],
                    "mirrored": false,
                    "twinId": 0,
                    "flooded": false,
                    "pathable": false,
                    "mergeable": false,
                    "no_features": false
                },
                {
                    "spec": "/pa/terrain/metal/brushes/metal_trench_11_sub.json",
                    "proj": "BP_LongitudePinch",
                    "op": "BO_Subtract",
                    "position": [
                        -477.29705810546875,
                        477.29705810546875,
                        0.00008046627772273496
                    ],
                    "height": 675,
                    "transform": [
                        0.7071067690849304,
                        -1.7881393432617188e-7,
                        -0.7071067094802856,
                        -477.2970275878906,
                        0.7071067690849304,
                        1.7881393432617188e-7,
                        0.7071067094802856,
                        477.2970275878906,
                        0,
                        -0.9999998807907104,
                        2.384185791015625e-7,
                        0.0001609325408935547
                    ],
                    "scale": [
                        1,
                        1,
                        1
                    ],
                    "rotation": 0.7853981852531433,
                    "weight": [
                        0,
                        0,
                        0,
                        0
                    ],
                    "weightHard": false,
                    "weightScale": [
                        1,
                        1,
                        1
                    ],
                    "mirrored": false,
                    "twinId": 0,
                    "flooded": true,
                    "pathable": true,
                    "mergeable": false,
                    "no_features": true
                },
                {
                    "spec": "/pa/terrain/metal/brushes/metal_trench_11_add.json",
                    "proj": "BP_LongitudePinch",
                    "op": "BO_Add",
                    "position": [
                        -477.29705810546875,
                        477.29705810546875,
                        0.00008046627772273496
                    ],
                    "height": 675,
                    "transform": [
                        0.7071067690849304,
                        -1.7881393432617188e-7,
                        -0.7071067094802856,
                        -477.2970275878906,
                        0.7071067690849304,
                        1.7881393432617188e-7,
                        0.7071067094802856,
                        477.2970275878906,
                        0,
                        -0.9999998807907104,
                        2.384185791015625e-7,
                        0.0001609325408935547
                    ],
                    "scale": [
                        1,
                        1,
                        1
                    ],
                    "rotation": 0.7853981852531433,
                    "weight": [
                        0,
                        0,
                        0,
                        0
                    ],
                    "weightHard": false,
                    "weightScale": [
                        1,
                        1,
                        1
                    ],
                    "mirrored": false,
                    "twinId": 0,
                    "flooded": false,
                    "pathable": true,
                    "mergeable": false,
                    "no_features": false
                },
                {
                    "spec": "/pa/terrain/metal/brushes/metal_trench_03.json",
                    "proj": "BP_LongitudePinch",
                    "op": "BO_Subtract",
                    "position": [
                        -114.01800537109375,
                        -573.2072143554688,
                        -337.42486572265625
                    ],
                    "height": 674.8497314453125,
                    "transform": [
                        0.9807853102684021,
                        -0.09754525125026703,
                        -0.16895318031311035,
                        -114.01800537109375,
                        -0.1950903832912445,
                        -0.4903925657272339,
                        -0.8493849635124207,
                        -573.2072143554688,
                        8.940696716308594e-8,
                        0.866025447845459,
                        -0.5,
                        -337.42486572265625
                    ],
                    "scale": [
                        1,
                        1,
                        1
                    ],
                    "rotation": 6.086835861206055,
                    "weight": [
                        1,
                        1,
                        1,
                        1
                    ],
                    "weightHard": true,
                    "weightScale": [
                        0.6000000238418579,
                        0.6000000238418579,
                        0.6000000238418579
                    ],
                    "mirrored": false,
                    "twinId": 0,
                    "flooded": true,
                    "pathable": true,
                    "mergeable": false,
                    "no_features": true
                },
                {
                    "spec": "/pa/terrain/metal/brushes/metal_trench_03.json",
                    "proj": "BP_LongitudePinch",
                    "op": "BO_Subtract",
                    "position": [
                        324.7374572753906,
                        -486.0040588378906,
                        -337.46820068359375
                    ],
                    "height": 674.9364624023438,
                    "transform": [
                        0.8314696550369263,
                        0.27778518199920654,
                        0.48113784193992615,
                        324.73748779296875,
                        0.5555701851844788,
                        -0.41573482751846313,
                        -0.7200738787651062,
                        -486.0041198730469,
                        -8.940696716308594e-8,
                        0.8660253286361694,
                        -0.5,
                        -337.4682312011719
                    ],
                    "scale": [
                        1,
                        1,
                        1
                    ],
                    "rotation": 0.5890483856201172,
                    "weight": [
                        1,
                        1,
                        1,
                        1
                    ],
                    "weightHard": true,
                    "weightScale": [
                        0.6000000238418579,
                        0.6000000238418579,
                        0.6000000238418579
                    ],
                    "mirrored": false,
                    "twinId": 0,
                    "flooded": true,
                    "pathable": true,
                    "mergeable": false,
                    "no_features": true
                },
                {
                    "spec": "/pa/terrain/metal/brushes/metal_trench_03.json",
                    "proj": "BP_LongitudePinch",
                    "op": "BO_Subtract",
                    "position": [
                        -485.90716552734375,
                        -324.6726989746094,
                        -337.4009094238281
                    ],
                    "height": 674.8018188476562,
                    "transform": [
                        0.5555701851844788,
                        -0.4157348573207855,
                        -0.7200738787651062,
                        -485.90716552734375,
                        -0.8314696550369263,
                        -0.27778515219688416,
                        -0.48113784193992615,
                        -324.6726989746094,
                        -2.9802322387695312e-8,
                        0.8660253882408142,
                        -0.5,
                        -337.4009094238281
                    ],
                    "scale": [
                        1,
                        1,
                        1
                    ],
                    "rotation": 5.3014373779296875,
                    "weight": [
                        1,
                        1,
                        1,
                        1
                    ],
                    "weightHard": true,
                    "weightScale": [
                        0.6000000238418579,
                        0.6000000238418579,
                        0.6000000238418579
                    ],
                    "mirrored": false,
                    "twinId": 0,
                    "flooded": true,
                    "pathable": true,
                    "mergeable": false,
                    "no_features": true
                },
                {
