{
    "name": "Midget Planet 3v3",
    "description": "Laned 3v3, Medium Resources.  These cute little midgets have inhereted this planet, always wondering if a god created it.  You show up to confirm yourself god.",
    "creator": "Dreadnought",
    "version": "1.0",
    "planets": [
        {
            "name": "Midget Central",
            "mass": 35000,
            "position_x": 34300,
            "position_y": -200,
            "velocity_x": 0.7039786577224731,
            "velocity_y": 120.73324584960938,
            "required_thrust_to_move": 0,
            "starting_planet": true,
            "respawn": false,
            "start_destroyed": false,
            "min_spawn_delay": 0,
            "max_spawn_delay": 0,
            "planetCSG": [
                {
                    "proj": "BP_Bend",
                    "spec": "/pa/terrain/metal/brushes/metal_cap_01.json",
                    "height": 550,
                    "op": "BO_Add",
                    "position": [
                        0,
                        0,
                        550
                    ],
                    "transform": [
                        2,
                        0,
                        0,
                        0,
                        0,
                        2,
                        0,
                        0,
                        0,
                        0,
                        2,
                        550
                    ],
                    "scale": [
                        2,
                        2,
                        2
                    ],
                    "rotation": 0,
                    "weight": [
                        1,
                        1,
                        1,
                        1
                    ],
                    "weightHard": true,
                    "weightScale": [
                        1,
                        1,
                        1
                    ],
                    "mirrored": false,
                    "twinId": 1,
                    "pathable": false,
                    "flooded": false,
                    "mergeable": false,
                    "no_features": false
                },
                {
                    "proj": "BP_LongitudePinch",
                    "spec": "/pa/terrain/metal/brushes/metal_trench_11.json",
                    "height": 550,
                    "op": "BO_Add",
                    "position": [
                        388.9087219238281,
                        388.9087219238281,
                        0
                    ],
                    "transform": [
                        0.7071067690849304,
                        5.960464477539063e-8,
                        0.7071067094802856,
                        388.90869140625,
                        -0.7071067690849304,
                        5.960464477539063e-8,
                        0.7071067094802856,
                        388.90869140625,
                        0,
                        -0.9999998807907104,
                        1.1920928955078125e-7,
                        0.00006556510925292969
                    ],
                    "scale": [
                        1,
                        1,
                        1
                    ],
                    "rotation": -0.7853981852531433,
                    "weight": [
                        1,
                        1,
                        1,
                        1
                    ],
                    "weightHard": true,
                    "weightScale": [
                        1,
                        1,
                        1
                    ],
                    "mirrored": false,
                    "twinId": 7,
                    "pathable": false,
                    "flooded": false,
                    "mergeable": false,
                    "no_features": false
                },
                {
                    "proj": "BP_LongitudePinch",
                    "spec": "/pa/terrain/metal/brushes/metal_trench_11_sub.json",
                    "height": 550,
                    "op": "BO_Subtract",
                    "position": [
                        388.90875244140625,
                        388.90875244140625,
                        0.0000655651165288873
                    ],
                    "transform": [
                        0.7071067690849304,
                        1.7881393432617188e-7,
                        0.7071066498756409,
                        388.9086608886719,
                        -0.7071067690849304,
                        1.7881393432617188e-7,
                        0.7071066498756409,
                        388.9086608886719,
                        0,
                        -0.9999998211860657,
                        2.384185791015625e-7,
                        0.00013113021850585938
                    ],
                    "scale": [
                        1,
                        1,
                        1
                    ],
                    "rotation": -0.7853981852531433,
                    "weight": [
                        0,
                        0,
                        0,
                        0
                    ],
                    "weightHard": false,
                    "weightScale": [
                        1,
                        1,
                        1
                    ],
                    "mirrored": false,
                    "twinId": 0,
                    "pathable": true,
                    "flooded": false,
                    "mergeable": false,
                    "no_features": true
                },
                {
                    "proj": "BP_LongitudePinch",
                    "spec": "/pa/terrain/metal/brushes/metal_trench_11_add.json",
                    "height": 550,
                    "op": "BO_Add",
                    "position": [
                        388.90875244140625,
                        388.90875244140625,
                        0.0000655651165288873
                    ],
                    "transform": [
                        0.7071067690849304,
                        1.7881393432617188e-7,
                        0.7071066498756409,
                        388.9086608886719,
                        -0.7071067690849304,
                        1.7881393432617188e-7,
                        0.7071066498756409,
                        388.9086608886719,
                        0,
                        -0.9999998211860657,
                        2.384185791015625e-7,
                        0.00013113021850585938
                    ],
                    "scale": [
                        1,
                        1,
                        1
                    ],
                    "rotation": -0.7853981852531433,
                    "weight": [
                        0,
                        0,
                        0,
                        0
                    ],
                    "weightHard": false,
                    "weightScale": [
                        1,
                        1,
                        1
                    ],
                    "mirrored": false,
                    "twinId": 0,
                    "pathable": true,
                    "flooded": false,
                    "mergeable": false,
                    "no_features": false
                },
                {
                    "proj": "BP_LongitudePinch",
                    "spec": "/pa/terrain/metal/brushes/metal_trench_11.json",
                    "height": 550,
                    "op": "BO_Add",
                    "position": [
                        -388.9087219238281,
                        -388.9087219238281,
                        0
                    ],
                    "transform": [
                        0.7071067690849304,
                        5.960464477539063e-8,
                        -0.7071067094802856,
                        -388.90869140625,
                        -0.7071067690849304,
                        5.960464477539063e-8,
                        -0.7071067094802856,
                        -388.90869140625,
                        0,
                        0.9999998807907104,
                        1.1920928955078125e-7,
                        0.00006556510925292969
                    ],
                    "scale": [
                        1,
                        1,
                        1
                    ],
                    "rotation": -0.7853981852531433,
                    "weight": [
                        1,
                        1,
                        1,
                        1
                    ],
                    "weightHard": true,
                    "weightScale": [
                        1,
                        1,
                        1
                    ],
                    "mirrored": false,
                    "twinId": 8,
                    "pathable": false,
                    "flooded": false,
                    "mergeable": false,
                    "no_features": false
                },
                {
                    "proj": "BP_LongitudePinch",
                    "spec": "/pa/terrain/metal/brushes/metal_trench_11_sub.json",
                    "height": 549.9999389648438,
                    "op": "BO_Subtract",
                    "position": [
                        -388.9087219238281,
                        -388.9087219238281,
                        0.00006556510925292969
                    ],
                    "transform": [
                        0.7071067690849304,
                        1.7881393432617188e-7,
                        -0.7071067094802856,
                        -388.9086608886719,
                        -0.7071067690849304,
                        1.7881393432617188e-7,
                        -0.7071067094802856,
                        -388.9086608886719,
                        0,
                        0.9999998807907104,
                        2.384185791015625e-7,
                        0.00013113020395394415
                    ],
                    "scale": [
                        1,
                        1,
                        1
                    ],
                    "rotation": -0.7853981852531433,
                    "weight": [
                        0,
                        0,
                        0,
                        0
                    ],
                    "weightHard": false,
                    "weightScale": [
                        1,
                        1,
                        1
                    ],
                    "mirrored": false,
                    "twinId": 0,
                    "pathable": true,
                    "flooded": false,
                    "mergeable": false,
                    "no_features": true
                },
                {
                    "proj": "BP_LongitudePinch",
                    "spec": "/pa/terrain/metal/brushes/metal_trench_11_add.json",
                    "height": 549.9999389648438,
                    "op": "BO_Add",
                    "position": [
                        -388.9087219238281,
                        -388.9087219238281,
                        0.00006556510925292969
                    ],
                    "transform": [
                        0.7071067690849304,
                        1.7881393432617188e-7,
                        -0.7071067094802856,
                        -388.9086608886719,
                        -0.7071067690849304,
                        1.7881393432617188e-7,
                        -0.7071067094802856,
                        -388.9086608886719,
                        0,
                        0.9999998807907104,
                        2.384185791015625e-7,
                        0.00013113020395394415
                    ],
                    "scale": [
                        1,
                        1,
                        1
                    ],
                    "rotation": -0.7853981852531433,
                    "weight": [
                        0,
                        0,
                        0,
                        0
                    ],
                    "weightHard": false,
                    "weightScale": [
                        1,
                        1,
                        1
                    ],
                    "mirrored": false,
                    "twinId": 0,
                    "pathable": true,
                    "flooded": false,
                    "mergeable": false,
                    "no_features": false
                },
                {
                    "proj": "BP_LongitudePinch",
                    "spec": "/pa/terrain/metal/brushes/metal_trench_11.json",
                    "height": 550,
                    "op": "BO_Add",
                    "position": [
                        388.9087219238281,
                        -388.9087219238281,
                        0
                    ],
                    "transform": [
                        0.7071067690849304,
                        -5.960464477539063e-8,
                        0.7071067094802856,
                        388.90869140625,
                        0.7071067690849304,
                        5.960464477539063e-8,
                        -0.7071067094802856,
                        -388.90869140625,
                        0,
                        0.9999998807907104,
                        1.1920928955078125e-7,
                        0.00006556510925292969
                    ],
                    "scale": [
                        1,
                        1,
                        1
                    ],
                    "rotation": 0.7853981852531433,
                    "weight": [
                        1,
                        1,
                        1,
                        1
                    ],
                    "weightHard": true,
                    "weightScale": [
                        1,
                        1,
                        1
                    ],
                    "mirrored": false,
                    "twinId": 9,
                    "pathable": false,
                    "flooded": false,
                    "mergeable": false,
                    "no_features": false
                },
                {
                    "proj": "BP_LongitudePinch",
                    "spec": "/pa/terrain/metal/brushes/metal_trench_11_sub.json",
                    "height": 550,
                    "op": "BO_Subtract",
                    "position": [
                        388.90875244140625,
                        -388.90875244140625,
                        0.0000655651165288873
                    ],
                    "transform": [
                        0.7071067690849304,
                        -1.7881393432617188e-7,
                        0.7071066498756409,
                        388.9086608886719,
                        0.7071067690849304,
                        1.7881393432617188e-7,
                        -0.7071066498756409,
                        -388.9086608886719,
                        0,
                        0.9999998211860657,
                        2.384185791015625e-7,
                        0.00013113021850585938
                    ],
                    "scale": [
                        1,
                        1,
                        1
                    ],
                    "rotation": 0.7853981852531433,
                    "weight": [
                        0,
                        0,
                        0,
                        0
                    ],
                    "weightHard": false,
                    "weightScale": [
                        1,
                        1,
                        1
                    ],
                    "mirrored": false,
                    "twinId": 0,
                    "pathable": true,
                    "flooded": false,
                    "mergeable": false,
                    "no_features": true
                },
                {
                    "proj": "BP_LongitudePinch",
                    "spec": "/pa/terrain/metal/brushes/metal_trench_11_add.json",
                    "height": 550,
                    "op": "BO_Add",
                    "position": [
                        388.90875244140625,
                        -388.90875244140625,
                        0.0000655651165288873
                    ],
                    "transform": [
                        0.7071067690849304,
                        -1.7881393432617188e-7,
                        0.7071066498756409,
                        388.9086608886719,
                        0.7071067690849304,
                        1.7881393432617188e-7,
                        -0.7071066498756409,
                        -388.9086608886719,
                        0,
                        0.9999998211860657,
                        2.384185791015625e-7,
                        0.00013113021850585938
                    ],
                    "scale": [
                        1,
                        1,
                        1
                    ],
                    "rotation": 0.7853981852531433,
                    "weight": [
                        0,
                        0,
                        0,
                        0
                    ],
                    "weightHard": false,
                    "weightScale": [
                        1,
                        1,
                        1
                    ],
                    "mirrored": false,
                    "twinId": 0,
                    "pathable": true,
                    "flooded": false,
                    "mergeable": false,
                    "no_features": false
                },
                {
                    "proj": "BP_LongitudePinch",
                    "spec": "/pa/terrain/metal/brushes/metal_trench_11.json",
                    "height": 550,
                    "op": "BO_Add",
                    "position": [
                        -388.9087219238281,
                        388.9087219238281,
                        0
                    ],
                    "transform": [
                        0.7071067690849304,
                        -5.960464477539063e-8,
                        -0.7071067094802856,
                        -388.90869140625,
                        0.7071067690849304,
                        5.960464477539063e-8,
                        0.7071067094802856,
                        388.90869140625,
                        0,
                        -0.9999998807907104,
                        1.1920928955078125e-7,
                        0.00006556510925292969
                    ],
                    "scale": [
                        1,
                        1,
                        1
                    ],
                    "rotation": 0.7853981852531433,
                    "weight": [
                        1,
                        1,
                        1,
                        1
                    ],
                    "weightHard": true,
                    "weightScale": [
                        1,
                        1,
                        1
                    ],
                    "mirrored": false,
                    "twinId": 10,
                    "pathable": false,
                    "flooded": false,
                    "mergeable": false,
                    "no_features": false
                },
                {
                    "proj": "BP_LongitudePinch",
                    "spec": "/pa/terrain/metal/brushes/metal_trench_11_sub.json",
                    "height": 550,
                    "op": "BO_Subtract",
                    "position": [
                        -388.90875244140625,
                        388.90875244140625,
                        0.0000655651165288873
                    ],
                    "transform": [
                        0.7071067690849304,
                        -1.7881393432617188e-7,
                        -0.7071066498756409,
                        -388.9086608886719,
                        0.7071067690849304,
                        1.7881393432617188e-7,
                        0.7071066498756409,
                        388.9086608886719,
                        0,
                        -0.9999998211860657,
                        2.384185791015625e-7,
                        0.00013113021850585938
                    ],
                    "scale": [
                        1,
                        1,
                        1
                    ],
                    "rotation": 0.7853981852531433,
                    "weight": [
                        0,
                        0,
                        0,
                        0
                    ],
                    "weightHard": false,
                    "weightScale": [
                        1,
                        1,
                        1
                    ],
                    "mirrored": false,
                    "twinId": 0,
                    "pathable": true,
                    "flooded": false,
                    "mergeable": false,
                    "no_features": true
                },
                {
                    "proj": "BP_LongitudePinch",
                    "spec": "/pa/terrain/metal/brushes/metal_trench_11_add.json",
                    "height": 550,
                    "op": "BO_Add",
                    "position": [
                        -388.90875244140625,
                        388.90875244140625,
                        0.0000655651165288873
                    ],
                    "transform": [
                        0.7071067690849304,
                        -1.7881393432617188e-7,
                        -0.7071066498756409,
                        -388.9086608886719,
                        0.7071067690849304,
                        1.7881393432617188e-7,
                        0.7071066498756409,
                        388.9086608886719,
                        0,
                        -0.9999998211860657,
                        2.384185791015625e-7,
                        0.00013113021850585938
                    ],
                    "scale": [
                        1,
                        1,
                        1
                    ],
                    "rotation": 0.7853981852531433,
                    "weight": [
                        0,
                        0,
                        0,
                        0
                    ],
                    "weightHard": false,
                    "weightScale": [
                        1,
                        1,
                        1
                    ],
                    "mirrored": false,
                    "twinId": 0,
                    "pathable": true,
                    "flooded": false,
                    "mergeable": false,
                    "no_features": false
                },
                {
                    "proj": "BP_LongitudePinch",
                    "spec": "/pa/terrain/metal/brushes/metal_structure_06.json",
                    "height": 549.8245239257812,
                    "op": "BO_Add",
                    "position": [
                        232.7748260498047,
                        403.1778869628906,
                        292.524169921875
                    ],
                    "transform": [
                        0.8660253882408142,
                        0.26601600646972656,
                        0.423362135887146,
                        232.77488708496094,
                        -0.4999999701976776,
                        0.4607531428337097,
                        0.7332848310470581,
                        403.177978515625,
                        5.960464477539063e-8,
                        -0.8467243313789368,
                        0.5320319533348083,
                        292.5242004394531
                    ],
                    "scale": [
                        1,
                        1,
                        1
                    ],
                    "rotation": -0.5235987901687622,
                    "weight": [
                        1,
                        1,
                        1,
                        1
                    ],
                    "weightHard": true,
                    "weightScale": [
                        3,
                        3,
                        3
                    ],
                    "mirrored": false,
                    "twinId": 12,
                    "pathable": false,
                    "flooded": false,
                    "mergeable": false,
                    "no_features": false
                },
                {
                    "proj": "BP_LongitudePinch",
                    "spec": "/pa/terrain/metal/brushes/metal_structure_06.json",
                    "height": 549.9999389648438,
                    "op": "BO_Add",
                    "position": [
                        -388.90869140625,
                        0.00003399947672733106,
                        388.90869140625
                    ],
                    "transform": [
                        7.899061671423624e-8,
                        -0.7071067094802856,
                        -0.7071068286895752,
                        -388.9087219238281,
                        1,
                        4.9892356912550895e-8,
                        6.181724643283815e-8,
                        0.000033999480365309864,
                        -8.432163411953297e-9,
                        -0.7071068286895752,
                        0.7071067094802856,
                        388.9086608886719
                    ],
                    "scale": [
                        1,
                        1,
                        1
                    ],
                    "rotation": 1.570796251296997,
                    "weight": [
                        1,
                        1,
                        1,
                        1
                    ],
                    "weightHard": true,
                    "weightScale": [
                        3,
                        3,
                        3
                    ],
                    "mirrored": false,
                    "twinId": 13,
                    "pathable": false,
                    "flooded": false,
                    "mergeable": false,
                    "no_features": false
                },
                {
                    "proj": "BP_LongitudePinch",
                    "spec": "/pa/terrain/metal/brushes/metal_structure_06.json",
                    "height": 549.7554321289062,
                    "op": "BO_Add",
                    "position": [
                        232.74562072753906,
                        -403.1272888183594,
                        292.48748779296875
                    ],
                    "transform": [
                        -0.8660253882408142,
                        0.26601606607437134,
                        0.42336204648017883,
                        232.74559020996094,
                        -0.5,
                        -0.4607532024383545,
                        -0.7332846522331238,
                        -403.1272277832031,
                        -8.940696716308594e-8,
                        -0.8467242121696472,
                        0.5320320129394531,
                        292.48748779296875
                    ],
                    "scale": [
                        1,
                        1,
                        1
                    ],
                    "rotation": -2.6179938316345215,
                    "weight": [
                        1,
                        1,
                        1,
                        1
                    ],
                    "weightHard": true,
                    "weightScale": [
                        3,
                        3,
                        3
                    ],
                    "mirrored": false,
                    "twinId": 14,
                    "pathable": false,
                    "flooded": false,
                    "mergeable": false,
                    "no_features": false
                },
                {
                    "proj": "BP_LongitudePinch",
                    "spec": "/pa/terrain/metal/brushes/metal_structure_06.json",
                    "height": 549.8682861328125,
                    "op": "BO_Add",
                    "position": [
                        -465.5868225097656,
                        0.000040702892874833196,
                        292.5475158691406
                    ],
                    "transform": [
                        8.107835469672864e-8,
                        -0.5320320129394531,
                        -0.8467241525650024,
                        -465.5867614746094,
                        1,
                        3.458684361135056e-8,
                        7.402297796943458e-8,
                        0.00004070288923685439,
                        -1.0097082281390612e-8,
                        -0.8467241525650024,
                        0.5320320129394531,
                        292.5475158691406
                    ],
                    "scale": [
                        1,
                        1,
                        1
                    ],
                    "rotation": 1.570796251296997,
                    "weight": [
                        1,
                        1,
                        1,
                        1
                    ],
                    "weightHard": true,
                    "weightScale": [
                        3,
                        3,
                        3
                    ],
                    "mirrored": false,
                    "twinId": 15,
                    "pathable": false,
                    "flooded": false,
                    "mergeable": false,
                    "no_features": false
                },
                {
                    "proj": "BP_LongitudePinch",
                    "spec": "/pa/terrain/metal/brushes/metal_structure_06.json",
                    "height": 549.82373046875,
                    "op": "BO_Add",
                    "position": [
                        194.39202880859375,
                        -336.6968994140625,
                        388.7840881347656
                    ],
                    "transform": [
                        -0.866025447845459,
                        0.3535534739494324,
                        0.3535533547401428,
                        194.39202880859375,
                        -0.5000000596046448,
                        -0.6123723983764648,
                        -0.6123725175857544,
                        -336.6969299316406,
                        -1.1920928955078125e-7,
                        -0.7071068286895752,
                        0.7071067690849304,
                        388.7840881347656
                    ],
                    "scale": [
                        1,
                        1,
                        1
                    ],
                    "rotation": -2.6179938316345215,
                    "weight": [
                        1,
                        1,
                        1,
                        1
                    ],
                    "weightHard": true,
                    "weightScale": [
                        3,
                        3,
                        3
                    ],
                    "mirrored": false,
                    "twinId": 16,
                    "pathable": false,
                    "flooded": false,
                    "mergeable": false,
                    "no_features": false
                },
                {
                    "proj": "BP_LongitudePinch",
                    "spec": "/pa/terrain/metal/brushes/metal_structure_06.json",
                    "height": 549.8583374023438,
                    "op": "BO_Add",
                    "position": [
                        194.40426635742188,
                        336.7181091308594,
                        388.8085632324219
                    ],
                    "transform": [
                        0.866025447845459,
                        0.3535533845424652,
                        0.3535533845424652,
                        194.40428161621094,
                        -0.5,
                        0.6123723983764648,
                        0.6123725175857544,
                        336.7181396484375,
                        5.960464477539063e-8,
                        -0.7071068286895752,
                        0.7071067690849304,
                        388.8085632324219
                    ],
                    "scale": [
                        1,
                        1,
                        1
                    ],
                    "rotation": -0.5235987901687622,
                    "weight": [
                        1,
                        1,
                        1,
                        1
                    ],
                    "weightHard": true,
                    "weightScale": [
                        3,
                        3,
                        3
                    ],
                    "mirrored": false,
                    "twinId": 17,
                    "pathable": false,
                    "flooded": false,
                    "mergeable": false,
                    "no_features": false
                },
                {
                    "proj": "BP_LongitudePinch",
                    "spec": "/pa/terrain/metal/brushes/metal_structure_03.json",
                    "height": 550,
                    "op": "BO_Add",
                    "position": [
                        206.27394104003906,
                        489.4257507324219,
                        142.87594604492188
                    ],
                    "transform": [
                        0.10089026391506195,
                        -0.9215006828308105,
                        0.3750435709953308,
                        206.2739715576172,
                        0.23938220739364624,
                        0.38837671279907227,
                        0.8898650407791138,
                        489.42578125,
                        -0.9656694531440735,
                        5.960464477539063e-8,
                        0.2597743272781372,
                        142.87588500976562
                    ],
                    "scale": [
                        1,
                        1,
                        1
                    ],
                    "rotation": 1.1719269752502441,
                    "weight": [
                        1,
                        1,
                        1,
                        1
                    ],
                    "weightHard": true,
                    "weightScale": [
                        6,
                        6,
                        6
                    ],
                    "mirrored": false,
                    "twinId": 18,
                    "pathable": false,
                    "flooded": false,
                    "mergeable": false,
                    "no_features": false
                },
                {
                    "proj": "BP_LongitudePinch",
                    "spec": "/pa/terrain/metal/brushes/metal_structure_04.json",
                    "height": 549.8705444335938,
                    "op": "BO_Add",
                    "position": [
                        -459.9757995605469,
                        265.5670166015625,
                        142.31700134277344
                    ],
                    "transform": [
                        0.22414396703243256,
                        0.4999997913837433,
                        -0.8365163207054138,
                        -459.9756774902344,
                        -0.129409521818161,
                        0.8660255074501038,
                        0.4829626679420471,
                        265.56695556640625,
                        0.9659256935119629,
                        0,
                        0.2588191628456116,
                        142.31703186035156
                    ],
                    "scale": [
                        1,
                        1,
                        1
                    ],
                    "rotation": -0.5235985517501831,
                    "weight": [
                        1,
                        1,
                        1,
                        1
                    ],
                    "weightHard": true,
                    "weightScale": [
                        6,
                        6,
                        6
                    ],
                    "mirrored": false,
                    "twinId": 21,
                    "pathable": false,
                    "flooded": false,
                    "mergeable": false,
                    "no_features": false
                },
                {
                    "proj": "BP_LongitudePinch",
                    "spec": "/pa/terrain/metal/brushes/metal_structure_08.json",
                    "height": 550,
                    "op": "BO_Add",
                    "position": [
                        406.3216247558594,
                        339.4888000488281,
                        148.82904052734375
                    ],
                    "transform": [
                        0.6411730051040649,
                        0.2076561450958252,
                        0.738766610622406,
                        406.3216247558594,
                        -0.7673963308334351,
                        0.17350026965141296,
                        0.6172523498535156,
                        339.4888000488281,
                        0,
                        -0.962692379951477,
                        0.27059829235076904,
                        148.8290557861328
                    ],
                    "scale": [
                        1,
                        1,
                        1
                    ],
                    "rotation": -0.8747705221176147,
                    "weight": [
                        2,
                        2,
                        2,
                        2
                    ],
                    "weightHard": true,
                    "weightScale": [
                        6,
                        6,
                        6
                    ],
                    "mirrored": false,
                    "twinId": 22,
                    "pathable": false,
                    "flooded": false,
                    "mergeable": false,
                    "no_features": false
                },
                {
                    "proj": "BP_LongitudePinch",
                    "spec": "/pa/terrain/metal/brushes/metal_structure_08.json",
                    "height": 550.0000610351562,
                    "op": "BO_Add",
                    "position": [
                        321.23480224609375,
                        -446.4393615722656,
                        3.0531129789060016e-14
                    ],
                    "transform": [
                        -0.8117080926895142,
                        -5.960464477539063e-8,
                        0.5840633511543274,
